-1.230149342741540114e-01 -1.742057804370253926e-01 -1.856887777443004817e-01 -1.933094480276348337e-01 -1.911964083974100892e-01 -1.932719960050191255e-01 -1.746056457177074250e-01 -1.186728405261605612e-01 -4.419611507096761482e-02 1.377500234110953445e-02 6.942982188772638119e-02 1.231196281867772552e-01 2.187488264540138061e-01 3.718395051618270664e-01 5.400349256100970274e-01 5.656285650085316474e-01 4.664389512983787012e-01 3.208192075932317922e-01 1.870520639661517881e-01 -1.711145049313867730e-03
-1.779481505675164221e-01 -2.516301425580753093e-01 -2.679411108711223233e-01 -2.788875701527069317e-01 -2.756601184665050108e-01 -2.793184691367079919e-01 -2.538668714064423182e-01 -1.681830637677322604e-01 -7.284509058053389996e-02 1.778651838550556266e-02 1.024437931450249417e-01 1.846858980872400635e-01 3.238905004897227879e-01 5.729521416493221775e-01 8.095658287133408182e-01 8.653097056776613005e-01 6.814770692487946979e-01 4.681849326309181492e-01 2.569596480448479991e-01 6.896192728105533104e-03
-2.156530063264063546e-01 -3.018021535673681699e-01 -3.298137751721753608e-01 -3.481084291050700052e-01 -3.438548058446421751e-01 -3.510655451522313175e-01 -3.198184467194249425e-01 -2.081723024125563537e-01 -9.911622511720807882e-02 2.090819031987371790e-02 1.308792435941820709e-01 2.362596644565929938e-01 4.160128985989129391e-01 7.534597023477104250e-01 1.051846352980370325e+00 1.121211595784592507e+00 8.778918409065684658e-01 6.027543360340956724e-01 3.351156943298612134e-01 1.387142017172046660e-02
-2.434060700623632556e-01 -3.364497012508172458e-01 -3.753650491563654268e-01 -3.965395581676740000e-01 -3.929812637472880343e-01 -4.051464207203157031e-01 -3.663270309180218232e-01 -2.457983433815281726e-01 -1.164528865737039093e-01 2.833777963635251973e-02 1.529149236657093569e-01 2.813155873140486540e-01 5.018361972384922653e-01 9.103511796811720735e-01 1.267706631794060845e+00 1.336601257092387529e+00 1.020811549340469249e+00 6.896440622184544234e-01 3.756826580494173617e-01 1.725640431789997320e-02
-2.731365028518297766e-01 -3.818461267339669507e-01 -4.173141458690340921e-01 -4.417668365323406121e-01 -4.452974070398287854e-01 -4.605014979959864974e-01 -4.068762259888523136e-01 -2.777974326736680211e-01 -1.367183497302084105e-01 2.609819686883595863e-02 1.817244373062771035e-01 3.253837866843846127e-01 6.058482543962676603e-01 1.070308532240601851e+00 1.503730839044201684e+00 1.547664176692173488e+00 1.171571473318823164e+00 7.905587927884256683e-01 4.285274695879665030e-01 2.064291119146160688e-02
-3.206336274622645921e-01 -4.542233397679640294e-01 -4.886175728309101740e-01 -5.043706606352060806e-01 -5.185992499863228966e-01 -5.309658046584621038e-01 -4.778128064675445930e-01 -3.353533963601952883e-01 -1.508580289470660141e-01 3.127354044757916368e-02 2.110974942887830774e-01 3.934182408538783871e-01 7.249100867753818234e-01 1.284117396260663346e+00 1.794752287150590098e+00 1.840053079876130537e+00 1.369149909681010024e+00 9.083812123864295485e-01 4.873306422744455024e-01 2.208850881818763198e-02
-3.172880391036245196e-01 -4.492515960643180817e-01 -5.070915979610735036e-01 -5.031285984487394725e-01 -5.073656618523103567e-01 -5.275859336403402322e-01 -4.772024001406417471e-01 -3.359089473942367676e-01 -1.534729525383339566e-01 3.697425814905776209e-02 2.304758462804612218e-01 4.244805107890466389e-01 7.748525974209834466e-01 1.368233615011913207e+00 1.889884576722024923e+00 1.885101528927589420e+00 1.373566534419322638e+00 8.833243935553870552e-01 4.747636663630046550e-01 1.057367667295062812e-02
-1.771259693532158397e-01 -2.471624903074997603e-01 -2.757509864958950785e-01 -2.956311654199572647e-01 -3.070558537276368849e-01 -3.184296253077096295e-01 -2.948867049522098105e-01 -2.167136614378357695e-01 -9.793731308230295418e-02 3.280869732763207897e-02 1.721360608079978149e-01 3.161230401525448319e-01 5.757887043668237226e-01 1.026226691669204216e+00 1.370682229611453140e+00 1.308275039872800027e+00 8.810787058177383946e-01 5.226428703024248446e-01 2.573187189875640879e-01 -1.087917602664508019e-03
6.808938417580422120e-02 8.394946495227537109e-02 5.778037302465516972e-02 5.209282282493619270e-02 3.061333670747653016e-02 1.706487151926177129e-02 -1.783274799782854150e-02 -5.667101420737384598e-02 -2.951488393014699632e-02 -6.697135638586677354e-03 3.896981571468953465e-02 1.143419244637554760e-01 2.085246379150434703e-01 3.934401421550422495e-01 4.737062253137349632e-01 3.646485592225731653e-01 1.527862087961544824e-01 7.731539601496693545e-03 -2.938380927889098701e-02 -3.293033607006819272e-03
3.091849453281306226e-01 3.987934928468096496e-01 4.139825332273985303e-01 3.780422047742629243e-01 3.556673850883611543e-01 3.240364616238556872e-01 2.515320125394595596e-01 1.182079664918613965e-01 9.680522625660077998e-03 -7.998623220492724617e-02 -1.319035661247455471e-01 -1.531113137675478297e-01 -2.370154784476326548e-01 -3.751509468007815373e-01 -5.534435079500132915e-01 -6.132979681789537674e-01 -5.120122498575065961e-01 -4.063924069021342400e-01 -2.780318139517983789e-01 4.483916232180206601e-02
4.301096871604692118e-01 5.615177002716466026e-01 5.704100956959803348e-01 5.372488680793903182e-01 5.076829789347128141e-01 4.859641934048343215e-01 3.911427116255590253e-01 2.085431687948602342e-01 1.814260899915500283e-02 -1.540624264948317612e-01 -2.715170531364090034e-01 -3.547068215575268635e-01 -5.543121890666162788e-01 -9.098440766743363106e-01 -1.212120556882456235e+00 -1.166082099590108889e+00 -8.064439361682024243e-01 -5.571790111526346845e-01 -3.278723488723629398e-01 6.717361548764824719e-02
4.554156011107456381e-01 6.090282178389858636e-01 6.281292396756250618e-01 6.012760702489788889e-01 5.643753239649825781e-01 5.495211847218703927e-01 4.513136281322145393e-01 2.507800366604904796e-01 2.512555388103750523e-02 -2.057981534795782219e-01 -3.596063466006528264e-01 -4.866663019812519364e-01 -7.618287975547958224e-01 -1.247035743048680478e+00 -1.609526927491266690e+00 -1.451047497231152006e+00 -9.310630029826114651e-01 -6.042871879027409410e-01 -3.456282988925739041e-01 8.678746214521704250e-02
5.584559256222638712e-01 7.491589770571183138e-01 7.794202521026363240e-01 7.415252782873920090e-01 7.230779827350022337e-01 7.150031695157921252e-01 6.159300682832549168e-01 3.435924560093426838e-01 3.831964616680050284e-02 -2.763652135165030055e-01 -5.054510961941603986e-01 -7.027842908812224065e-01 -1.118874538653447548e+00 -1.815899248068283844e+00 -2.312535060225417105e+00 -2.031502724933838433e+00 -1.308959250108483019e+00 -7.648398003737735262e-01 -4.376813935115843601e-01 9.993997790650134549e-02
6.844201711970784308e-01 9.168664513193656163e-01 9.734658290952770132e-01 9.469227074361964425e-01 9.222613549974764124e-01 9.667317038411660235e-01 8.211574660020172223e-01 4.884100976334045385e-01 9.461180126750978747e-02 -3.237194368905427777e-01 -6.662946458392601246e-01 -9.504438718164832656e-01 -1.548332651649408698e+00 -2.532247435676865166e+00 -3.228261425798912843e+00 -2.833424758055060000e+00 -1.766234484333062849e+00 -1.059639554328453581e+00 -5.790580662324161798e-01 1.358267865073802816e-01
6.368762732697901274e-01 8.665229980441293556e-01 9.437431724295710644e-01 9.275629588094257416e-01 9.285696798059829282e-01 9.753077164505397079e-01 8.841990471041005772e-01 5.510024698632780549e-01 1.614736285758466006e-01 -2.691776742408698575e-01 -6.461611910290516736e-01 -9.738150133954986964e-01 -1.641281513075542264e+00 -2.716220228096977163e+00 -3.496639970743447012e+00 -3.105281451119059621e+00 -2.015770624945706579e+00 -1.167524721554058731e+00 -5.887100568898627762e-01 8.954250689505960370e-02
3.892067752159705796e-01 5.530818213407248107e-01 6.005427068933749668e-01 6.240066387826396221e-01 6.624685571450675825e-01 6.987166758993822446e-01 6.452773670252923699e-01 4.345619745386815058e-01 1.776158893111180193e-01 -1.216757556532531981e-01 -4.160295808557618602e-01 -7.058973247902075032e-01 -1.252903918619724166e+00 -2.100895913032250650e+00 -2.764234065793938377e+00 -2.469763584930495526e+00 -1.642749762301341621e+00 -9.228925616054894920e-01 -4.463343674790075655e-01 5.421357887581531448e-02
1.573165472873523929e-01 2.438528109345512451e-01 2.804200787369725556e-01 2.884161458965310287e-01 3.378800786561071412e-01 3.597544199449213553e-01 3.559408694338453416e-01 2.467823069499815447e-01 1.595272464227356635e-01 -4.341338092378334984e-02 -2.045398567260515998e-01 -3.985561675757337552e-01 -7.319955450088687643e-01 -1.263358503760335205e+00 -1.667185256110918390e+00 -1.527407697694174171e+00 -9.802531531064714310e-01 -5.209058123953770325e-01 -2.291016399267328529e-01 1.103933946858964670e-02
7.012821437669029823e-02 9.805309931552379232e-02 1.200929557686278154e-01 1.375173439535956332e-01 1.492076388919090502e-01 1.690693435032166458e-01 1.520254079031976568e-01 1.172757317225589929e-01 1.050844142316901403e-01 8.058885975448435574e-03 -9.266148177448745027e-02 -2.108267247834955949e-01 -3.728973290765807969e-01 -6.970284321786173187e-01 -9.124001321910578666e-01 -8.733819651060487077e-01 -5.250296271060731490e-01 -2.573632315699422857e-01 -9.369870088325293889e-02 8.386131410752936666e-03
2.769185900789408045e-02 2.307609019978582032e-02 3.297209398458539331e-02 3.449604133823134383e-02 4.366433227848941223e-02 5.117124317251188492e-02 6.059725072815237007e-02 3.887376922928548195e-02 3.169612720611464374e-02 2.264378727179842000e-03 -3.165816439507713326e-02 -8.550737303619093677e-02 -1.466705084042698726e-01 -2.965718382700692768e-01 -3.694835355591261083e-01 -3.487658038760949042e-01 -1.928248766719402874e-01 -9.281927818216685611e-02 -2.041595026709843927e-02 -8.983758939320449222e-03
-5.036490084535472089e-02 -7.216982732610913165e-02 -8.089806777987007536e-02 -7.774983252034213532e-02 -7.505606692599664509e-02 -7.289667283662429331e-02 -6.493734629957269300e-02 -5.149806194050329800e-02 -2.536047230530910288e-02 6.051068027318061600e-03 2.513368314922130586e-02 3.570255830337418224e-02 6.147941198548051434e-02 7.874715893908787456e-02 1.510854083696192007e-01 1.539506268425432922e-01 1.757345900290915308e-01 1.229742167759612509e-01 7.766842014939361050e-02 -5.596418905535126623e-03
