n1,n2,coeff
-10,-10,4.989460246212767e-05
-10,-9,-0.002631943982211185
-10,-8,-0.005765668791617358
-10,-7,-0.005196201876046921
-10,-6,-0.004689916903463412
-10,-5,-0.004439075200648575
-10,-4,-0.003300972655628202
-10,-3,-0.0032132355529585024
-10,-2,-0.0018281553283486832
-10,-1,-0.0035031017541146047
-10,0,-0.0023991783587361745
-10,1,-0.004349771580937009
-10,2,-0.006048291808394674
-10,3,-0.004742778597522726
-10,4,0.00010056529507713337
-10,5,0.0024245346288620734
-10,6,0.00841398062125237
-10,7,0.0037726803196956303
-10,8,-0.009545466234949375
-10,9,-0.007067552258286393
-9,-10,0.00726706219069782
-9,-9,-0.0020125674965465194
-9,-8,-0.00677103188704069
-9,-7,0.009872205101530713
-9,-6,0.0050211760016725645
-9,-5,0.006575002942375122
-9,-4,0.0033501154229129905
-9,-3,0.0020562153097606374
-9,-2,0.016998849155015292
-9,-1,-0.0003870210442916126
-9,0,-0.002185401608381005
-9,1,-0.003084725021266027
-9,2,0.008401015693985069
-9,3,0.007250089090336628
-9,4,0.0004853986915758027
-9,5,-0.0050945180958331835
-9,6,-0.01264095558176898
-9,7,-0.000622936728338082
-9,8,0.0020947774576452437
-9,9,0.007039329815982387
-8,-10,-0.0015418717897703147
-8,-9,0.0026352672418776713
-8,-8,0.002054066185792798
-8,-7,-0.010972132171819603
-8,-6,-0.008737922975116209
-8,-5,-0.0019459624665206553
-8,-4,0.004084268407551364
-8,-3,0.0045596871786071184
-8,-2,-0.006012748862106204
-8,-1,0.002385171902387172
-8,0,0.005088335428366045
-8,1,0.005223917189498216
-8,2,0.0001430329703975466
-8,3,-0.002099096468869623
-8,4,0.0012815271228932958
-8,5,0.0004883785469758412
-8,6,-0.007279686738302838
-8,7,-0.005281735145447739
-8,8,-0.0038178411162238884
-8,9,-0.006963091067159348
-7,-10,-0.0011399773452849735
-7,-9,0.002907367757425318
-7,-8,0.008759870445268419
-7,-7,0.0016404331312739751
-7,-6,-0.007258690002595283
-7,-5,-0.00880249368613614
-7,-4,-0.010389039833720016
-7,-3,-0.0066146081470094195
-7,-2,-0.006472036619046709
-7,-1,-0.002926548881373581
-7,0,-0.0021370546133649905
-7,1,0.003435296499176296
-7,2,-0.004021357538831621
-7,3,-0.003082750510730504
-7,4,0.007956770997706841
-7,5,0.004119448462391223
-7,6,-0.007776814447281879
-7,7,0.003962758744807
-7,8,0.011387127325761665
-7,9,0.007671087562081611
-6,-10,-0.0011601796146246072
-6,-9,-0.004430564907316187
-6,-8,0.0031371000055633634
-6,-7,0.010684884018339346
-6,-6,0.0106839739132449
-6,-5,0.01316566346832302
-6,-4,0.006503390591193165
-6,-3,0.0027290096788455715
-6,-2,0.004895050313774133
-6,-1,0.0046937546411788015
-6,0,0.0015250162578933546
-6,1,-0.002220131418801833
-6,2,-0.0011887495147687918
-6,3,-0.0006019607009878169
-6,4,-0.004151044510216254
-6,5,-0.008087250214553221
-6,6,0.001609453469179478
-6,7,0.005708974100167808
-6,8,-0.0002687564792804139
-6,9,0.0010585278435664375
-5,-10,0.0005745743415304902
-5,-9,-0.008570312510201397
-5,-8,-0.01743328515548659
-5,-7,-0.007978287089293722
-5,-6,-0.0026389550282585185
-5,-5,-0.003712017644675745
-5,-4,-0.006405336998707051
-5,-3,-0.00248831151076628
-5,-2,-0.008865442950653432
-5,-1,-0.00515570415966436
-5,0,-0.0010245269335195327
-5,1,-0.011178026496785187
-5,2,-0.0020670176416552554
-5,3,0.003366525825150707
-5,4,-0.009455225588845739
-5,5,0.002595189207971934
-5,6,0.003549565926242833
-5,7,0.001226980458430744
-5,8,0.0060462408645193646
-5,9,-0.009031364274852186
-4,-10,0.0017669608470591146
-4,-9,0.014268845340112852
-4,-8,0.01924961184947059
-4,-7,0.014682297314755708
-4,-6,0.010454605673410711
-4,-5,0.002072942792036424
-4,-4,0.005626603829952259
-4,-3,0.010413163626329498
-4,-2,0.008082099497740948
-4,-1,0.009803446539529161
-4,0,0.012189441927846512
-4,1,0.004783307299626733
-4,2,0.005878398635708311
-4,3,0.008191147727584613
-4,4,0.008492721052124065
-4,5,-5.404320161449447e-05
-4,6,-0.001354534920844143
-4,7,-0.004091019257480083
-4,8,0.004892623926779497
-4,9,0.010769700889162064
-3,-10,0.0006697239810524483
-3,-9,0.004083665309715846
-3,-8,-0.0043073462891081386
-3,-7,-0.0019289268634603732
-3,-6,-0.002136437917836561
-3,-5,0.0013547238488703958
-3,-4,0.0048622985454193106
-3,-3,0.0003432876440282694
-3,-2,0.003364464368512671
-3,-1,-0.0037994702341789238
-3,0,-0.01070634315318362
-3,1,-0.004913781557334413
-3,2,-0.0003276765336548799
-3,3,-0.00039014896794644277
-3,4,-0.00020117540544315
-3,5,0.002748390584959197
-3,6,0.005469067890811612
-3,7,0.003042638485145804
-3,8,-0.0028898314542912893
-3,9,0.003431859046264947
-2,-10,0.00024247889457991868
-2,-9,0.0043494713511516995
-2,-8,0.005480996570524058
-2,-7,-0.006208118749789586
-2,-6,0.0019352742754758553
-2,-5,0.004459436546844959
-2,-4,-0.004361784807185917
-2,-3,-0.004151301794937921
-2,-2,0.009029934589153195
-2,-1,0.013152150388871827
-2,0,0.0033403323869937284
-2,1,0.005628664554817684
-2,2,-0.002726965420517411
-2,3,-0.00426181555349409
-2,4,-0.006072000120149972
-2,5,-0.010847968309863808
-2,6,0.007120895147684842
-2,7,0.00540056544840498
-2,8,-0.009518044447715838
-2,9,0.002930083832105615
-1,-10,0.002055784214868896
-1,-9,0.0022276553689331235
-1,-8,-0.00951792576520857
-1,-7,0.0036459945309243874
-1,-6,0.0018683328854789923
-1,-5,-0.00673021334461524
-1,-4,-0.0028047048765688825
-1,-3,-0.013795881282325402
-1,-2,0.009249979424597226
-1,-1,0.013790898116097579
-1,0,-0.00020661129254283007
-1,1,-0.02309749813402631
-1,2,0.003310752361625857
-1,3,0.018165944058717937
-1,4,-0.01327409247326084
-1,5,-0.008294593347959896
-1,6,0.0021403056368742325
-1,7,-0.0015850162486032288
-1,8,-0.0019624021467206368
-1,9,-0.0041532961975323576
0,-10,0.30296415028968027
0,-9,-1.7033258605602197
0,-8,-4.590788872778612
0,-7,0.01248188044014272
0,-6,-14.747482825196677
0,-5,-21.60220102168788
0,-4,-9.170042759185252
0,-3,-12.157508437163921
0,-2,-195.45441671450106
0,-1,43.12528176907484
0,0,494.12274612743266
0,1,-186.05106979784873
0,2,-74.07569047752133
0,3,51.76319613729047
0,4,-35.81882826808822
0,5,6.825011685953572
0,6,-4.114584220292772
0,7,-3.1243761168905584
0,8,2.824439618606494
0,9,-0.3857417588047591
1,-10,-0.01116996597064368
1,-9,-0.0023189556594072846
1,-8,0.008921305442156758
1,-7,-0.0019407196410106157
1,-6,0.026444993539812386
1,-5,0.018523190069045996
1,-4,-0.010686443047947596
1,-3,0.0030001843878123715
1,-2,0.02447850319143733
1,-1,0.004101840341983847
1,0,-0.005949018816398743
1,1,-0.0059752393567289
1,2,0.0024474364258701407
1,3,-0.00044963466856537957
1,4,-0.006512982244296013
1,5,-0.011633250224587142
1,6,0.00022452850545019699
1,7,0.010824758681210373
1,8,-0.004728829137923909
1,9,0.004961892070328151
2,-10,-0.0007175323289585245
2,-9,-0.0021121751395641155
2,-8,-0.006369022669089672
2,-7,-0.007655720926303573
2,-6,0.0014981836972955008
2,-5,0.00041409418571896565
2,-4,-0.011646612188884945
2,-3,0.0011617611201403784
2,-2,0.0037841201277583687
2,-1,-0.011835611064112208
2,0,-0.010963998378787018
2,1,-0.010189162142770393
2,2,0.0076704463775346
2,3,0.01808294332745665
2,4,0.010020310512988387
2,5,0.0026661427839331695
2,6,0.0038188391775131367
2,7,0.005879835411444161
2,8,-0.00431284669124495
2,9,-0.010844711209445312
3,-10,0.006252732682134461
3,-9,0.0036425959079867095
3,-8,-0.00481267413372914
3,-7,0.006114560973352314
3,-6,0.012586682866860805
3,-5,0.007720896971439304
3,-4,0.0008217392976717098
3,-3,0.0041471110099341405
3,-2,0.006382090064277583
3,-1,0.009030029924472148
3,0,0.009882785138920961
3,1,0.009753209352916223
3,2,0.009748812455764864
3,3,-0.0062881566823106555
3,4,-0.0013435669894444795
3,5,-0.0025919221986704065
3,6,-0.015690089126775997
3,7,-0.0025134878678234225
3,8,0.001295975905498274
3,9,-0.0012922290436574067
4,-10,-0.005124745455453473
4,-9,-0.004298870053734102
4,-8,0.0003330562490352384
4,-7,-0.007434732234512359
4,-6,-0.0021080181307798077
4,-5,-0.0030476721101415074
4,-4,-0.010657228875856321
4,-3,0.006295013820027946
4,-2,0.002009751394695902
4,-1,-0.008918991537603109
4,0,-0.004336117047471423
4,1,-0.007316053923468789
4,2,-0.009650699895359065
4,3,0.00041817125420331964
4,4,-0.0023972255415093597
4,5,0.00638056941463093
4,6,0.0011020938088027882
4,7,-0.0092668605765355
4,8,0.007039830605188901
4,9,0.004222466337415688
5,-10,-0.00040596779172405385
5,-9,-0.0075253579587512935
5,-8,-0.007512913867899607
5,-7,-0.00196909410346972
5,-6,-0.010401393268075597
5,-5,-0.00362809863124128
5,-4,0.0007767898571961694
5,-3,-0.013366994944103561
5,-2,-0.011334154681232642
5,-1,-0.002346212994904651
5,0,-0.003080717622477327
5,1,-0.005840594205043564
5,2,0.003922576054089573
5,3,0.0004643323297999128
5,4,-0.0043395132272242894
5,5,0.00558726909071854
5,6,0.011385848817334654
5,7,-0.0024116827921755635
5,8,-0.005574673469107918
5,9,0.009192347901104085
6,-10,0.010663913999162432
6,-9,0.020209623946865662
6,-8,0.01370729583506512
6,-7,0.0023163932561936925
6,-6,0.0009486364784870732
6,-5,0.007576048592081607
6,-4,0.001085431528561952
6,-3,0.00274375923513493
6,-2,0.006342876385527336
6,-1,0.007161514629379894
6,0,0.005033919800048526
6,1,0.00045590205773819807
6,2,0.0028895000464365214
6,3,0.004726611344547404
6,4,0.012712080592274067
6,5,0.0025474030183302164
6,6,-0.0020203532150759517
6,7,-0.0010076549417494477
6,8,-0.0016256009630796126
6,9,0.002580701352805027
7,-10,-0.006032571815013615
7,-9,-0.012024572781483138
7,-8,-0.010180968968480171
7,-7,-0.007029322326425487
7,-6,-0.003306965417897149
7,-5,-0.004567739309701997
7,-4,-0.008128539426027037
7,-3,-0.006063157749782095
7,-2,-0.003641125282682359
7,-1,-0.0015481595690896093
7,0,-0.0014234430047757537
7,1,-0.0034567045827437635
7,2,0.004486684778159546
7,3,0.00023035481242515362
7,4,0.0019044751777207232
7,5,-0.004455276228381908
7,6,-0.014522167089016996
7,7,-0.009626198170840884
7,8,0.0009745906440740427
7,9,0.0072785816890063885
8,-10,0.0042337128128692204
8,-9,0.007263139054773988
8,-8,0.00733792735207652
8,-7,0.00430393471237908
8,-6,0.005030316237850698
8,-5,0.011280565463199086
8,-4,0.01606726945970676
8,-3,0.01447917226014914
8,-2,0.01193593308114291
8,-1,0.008202906392698203
8,0,0.0057828881442651475
8,1,0.0051671457765620765
8,2,-0.004820268803408695
8,3,-0.0076950681400095615
8,4,-0.0013830635089849034
8,5,0.0013312996066906092
8,6,0.00014056130567201476
8,7,-0.009793476794952807
8,8,-0.009999166124340509
8,9,0.0007084329993732347
9,-10,-0.0005065440737663809
9,-9,0.0022833022227543307
9,-8,0.004698466839754101
9,-7,0.0070173424564614235
9,-6,0.00979567959588212
9,-5,-0.0014497525547822112
9,-4,-0.004387659029677441
9,-3,-0.01155477393855297
9,-2,-0.012065801928160392
9,-1,0.0025201858469081646
9,0,0.0051687755229244655
9,1,0.0016280622264779015
9,2,-0.0021050506727060565
9,3,-0.00048363406791889673
9,4,0.0041056883844258684
9,5,0.00805318658122336
9,6,0.006874083807237987
9,7,0.008389580331384719
9,8,0.004116257691403422
9,9,0.0005707619082781637
