n1,n2,coeff
-10,-10,0.001640173231579497
-10,-9,-0.00010511967922082406
-10,-8,0.0015045963226858498
-10,-7,-0.0032414746755755285
-10,-6,-0.005330085551552147
-10,-5,-0.0040136605506107
-10,-4,0.008700045047007155
-10,-3,0.00043500095655923146
-10,-2,0.007355280253776944
-10,-1,0.008481174247268738
-10,0,0.32395449635046886
-10,1,0.007636794725749383
-10,2,0.004812542416840254
-10,3,0.00380723850070688
-10,4,-2.1106116097590272e-05
-10,5,-0.0030570969930179305
-10,6,0.0012241187661234181
-10,7,-0.001536792551931695
-10,8,-0.0019109426774828434
-10,9,-0.0017447424228458513
-9,-10,0.004719657482607652
-9,-9,-0.006808149031023744
-9,-8,-0.000258297690685598
-9,-7,0.0035002276764750017
-9,-6,-0.0010292154485179437
-9,-5,-0.003886216930974502
-9,-4,0.009550538073883808
-9,-3,-0.006359506572397905
-9,-2,0.014050651702333767
-9,-1,0.0029156253548010577
-9,0,-1.672464944757524
-9,1,0.0076878522247423395
-9,2,0.008617149900646439
-9,3,-4.584993375701821e-05
-9,4,0.006271666988784939
-9,5,-0.013440433293607218
-9,6,0.0064690275397830095
-9,7,0.0006949377317062625
-9,8,0.001719592122417873
-9,9,-0.004692769415366572
-8,-10,0.007800823912279617
-8,-9,-0.0074954970919738585
-8,-8,-0.0020842767941763093
-8,-7,-0.001163024043570275
-8,-6,0.006392913314294477
-8,-5,0.0028457701857199096
-8,-4,-0.004987459148957337
-8,-3,0.0018636425278913478
-8,-2,0.01124780890857743
-8,-1,-0.00879841056040554
-8,0,-4.5104040602479545
-8,1,-0.003002899488627258
-8,2,0.010023441878077296
-8,3,-0.013531218970094905
-8,4,0.0029348287972167887
-8,5,-0.0038529823707404115
-8,6,0.003998734541681268
-8,7,0.00022959994924530593
-8,8,0.01034842174626642
-8,9,-0.009966544931416408
-7,-10,0.0040718080205485035
-7,-9,0.0015012994949261244
-7,-8,0.004823029444233055
-7,-7,-0.007921995506602698
-7,-6,-0.006173373314632275
-7,-5,0.0004889085289809896
-7,-4,-0.0012771983972694227
-7,-3,0.0018806149257842009
-7,-2,0.008326057807496772
-7,-1,-0.02020999433458058
-7,0,0.10219413968561242
-7,1,-0.0069802695985417725
-7,2,0.017380395000253568
-7,3,-0.00491492490633019
-7,4,0.010222242445460841
-7,5,-0.0006042363167586678
-7,6,0.007963767452531453
-7,7,-0.0006087132403100664
-7,8,-0.0008177392051985184
-7,9,-0.009059328017823632
-6,-10,-0.0010401876588684465
-6,-9,0.005267909095037616
-6,-8,0.0075718268293581675
-6,-7,-0.0023363815753708397
-6,-6,0.004222032570698035
-6,-5,0.0043280054597223975
-6,-4,-0.010121027603921582
-6,-3,0.008340408581409314
-6,-2,-0.007132742423017107
-6,-1,-0.015853999160059855
-6,0,-14.69982203393949
-6,1,-0.019823247525837414
-6,2,0.02110688814945051
-6,3,-0.00471095963656794
-6,4,0.011623947040883188
-6,5,0.005707103456133602
-6,6,0.00622945609260542
-6,7,-0.0007460612899808302
-6,8,-0.00409979172141904
-6,9,-0.0041495499935703395
-5,-10,0.001376198262605416
-5,-9,0.0051130688241656265
-5,-8,-0.0034935614075973713
-5,-7,-0.006237454363414177
-5,-6,0.0077204651219008975
-5,-5,0.009613557157485148
-5,-4,-0.00698905847848344
-5,-3,0.019668666507955207
-5,-2,-0.031363783329966595
-5,-1,0.02071259042230737
-5,0,-21.531089131212624
-5,1,-0.016963207451830317
-5,2,0.019538341865898895
-5,3,-0.00868694673682258
-5,4,0.0025086717615292508
-5,5,0.0016040629603462572
-5,6,-0.0035583144892369564
-5,7,-0.0056301167941168965
-5,8,0.003349921693962298
-5,9,0.003795309452768619
-4,-10,0.0032102395617143492
-4,-9,0.0025208987525229235
-4,-8,-0.0031201965363747046
-4,-7,-0.00820751588018521
-4,-6,0.0014028871053083914
-4,-5,0.0017208933434340475
-4,-4,-0.002655133176804978
-4,-3,0.029256387282772633
-4,-2,-0.06442485520117049
-4,-1,0.1351847294482348
-4,0,-9.236002211431899
-4,1,0.014359990606457134
-4,2,-0.02185697459407382
-4,3,0.026986870853034875
-4,4,-0.013083156075963174
-4,5,0.008505458285283471
-4,6,-0.005097412791078754
-4,7,-0.008305677837913347
-4,8,0.0001808796790751882
-4,9,-0.004227468876382059
-3,-10,0.002953475559381671
-3,-9,0.004846822673304172
-3,-8,-0.0007559126360606185
-3,-7,-0.003433228810291614
-3,-6,-0.0026320534109331344
-3,-5,-0.0019355995510225556
-3,-4,0.0026485842141957656
-3,-3,0.014233902199782253
-3,-2,-0.11099409332415854
-3,-1,0.35853146384467277
-3,0,-12.511111065933104
-3,1,0.145592771184283
-3,2,-0.1383061456748929
-3,3,0.07578587082354701
-3,4,-0.032078824683801695
-3,5,0.006354160493955743
-3,6,0.0006609395278211201
-3,7,0.0003721040262176212
-3,8,-0.0005016039695961746
-3,9,-0.0060628126461061815
-2,-10,4.348713279971489e-05
-2,-9,0.0009634061751652669
-2,-8,-0.008030335612796823
-2,-7,0.002390746610605748
-2,-6,0.0009542892754856964
-2,-5,-0.0076586922805375705
-2,-4,0.022180077929815935
-2,-3,-0.007381953238036225
-2,-2,-0.05602087089561584
-2,-1,0.38167323025302446
-2,0,-195.80555545968662
-2,1,0.22993541907119713
-2,2,-0.1748230254576768
-2,3,0.0639659908340627
-2,4,-0.021901877480234953
-2,5,-0.00418988546750988
-2,6,0.0002539015344630954
-2,7,0.007177442820793499
-2,8,-0.004883410515845665
-2,9,0.008740535606609888
-1,-10,0.0004744009002522833
-1,-9,0.0017883211733048902
-1,-8,0.00024280283659514326
-1,-7,0.007618936796836914
-1,-6,0.0008030588999200683
-1,-5,-0.01773952683524199
-1,-4,0.0191071792349531
-1,-3,-0.02818794848036003
-1,-2,0.1319664111642372
-1,-1,-0.3523050045373842
-1,0,43.42564116288826
-1,1,-0.0959894201313356
-1,2,0.0907971459019627
-1,3,-0.044634009680487155
-1,4,0.016096521286005954
-1,5,-0.00657947649710224
-1,6,-0.0006818018914370796
-1,7,0.007656140378606949
-1,8,-0.00033304374554537976
-1,9,0.0009763287219996258
0,-10,0.0009603800913654159
0,-9,0.003655480018244862
0,-8,0.0037851785979484518
0,-7,0.0026684362556886787
0,-6,-0.0009792482318063983
0,-5,-0.013227617990543363
0,-4,0.003229537312402707
0,-3,-0.0202098591983555
0,-2,0.12546488962680954
0,-1,-0.4898247762038209
0,0,494.53034735185514
0,1,-0.2098457607851596
0,2,0.16331921113537218
0,3,-0.06148717564723536
0,4,0.017263828068451944
0,5,-0.0023264151970384156
0,6,0.002822901617723625
0,7,0.002320348177052398
0,8,0.0028575423692698723
0,9,-0.0068860248917991
1,-10,0.0013295062913328437
1,-9,0.0028981757785830698
1,-8,0.007752741650439507
1,-7,-0.003385778242693992
1,-6,0.002307020271833584
1,-5,0.0007001547626347666
1,-4,-0.004149800201737198
1,-3,-0.010618353237995993
1,-2,-0.06894777007015411
1,-1,0.4431204113721913
1,0,-186.47969850823426
1,1,0.21940211673313265
1,2,-0.1709781807127904
1,3,0.0723053595300901
1,4,-0.011426217469855096
1,5,0.0024693719858901774
1,6,-0.001621242723001164
1,7,0.000901817430075534
1,8,-6.707895497565854e-05
1,9,-0.009550271631927062
2,-10,-0.0008993544433352886
2,-9,-0.0039524645872634325
2,-8,0.004642217785770338
2,-7,-0.004444333801546065
2,-6,0.008417393421736157
2,-5,0.00024135803801735129
2,-4,-0.007608902934652477
2,-3,0.04543716545026404
2,-2,-0.12612841531484215
2,-1,0.435574185244775
2,0,-74.49841035603613
2,1,0.14048146463166883
2,2,-0.10547353872132859
2,3,0.06107293052291451
2,4,-0.017033287068336435
2,5,0.009211753153430039
2,6,-0.008700908132257889
2,7,0.00437204475725669
2,8,0.0019786240622580616
2,9,-0.006583144476520568
3,-10,0.0004575430351215047
3,-9,-0.0035937782034678196
3,-8,0.0052847839080714595
3,-7,-0.005387319315076448
3,-6,0.0030086432058415514
3,-5,0.011173965697394223
3,-4,-0.024995049155840793
3,-3,0.060986396796544225
3,-2,-0.07247996120536818
3,-1,0.05448613434967006
3,0,51.68325289925218
3,1,-0.061597140497183726
3,2,0.046860541676153764
3,3,-0.009585672953127409
3,4,-0.013180585334877242
3,5,0.0042696024124827675
3,6,-0.0043464097517542525
3,7,0.002625375523166098
3,8,0.005559857935296338
3,9,-0.004860667224987345
4,-10,0.005481227735228083
4,-9,-0.006416955418421061
4,-8,0.0036496964431502817
4,-7,-0.004828974718801854
4,-6,-0.006471933840340288
4,-5,0.015682230429915324
4,-4,-0.024931373032431654
4,-3,0.0131476519267353
4,-2,0.007475311886395537
4,-1,-0.1184831783930948
4,0,-35.73854296892056
4,1,-0.09951867278365285
4,2,0.07325813648507075
4,3,-0.039879663937002194
4,4,0.01360058974837469
4,5,0.002846329307926661
4,6,-0.004265578132864348
4,7,-0.012050593464226397
4,8,0.001138249951799143
4,9,-0.003128182516923899
5,-10,0.0024105872711703527
5,-9,-0.004227186556212763
5,-8,0.0014046624301341467
5,-7,-0.0075697881043729
5,-6,-0.004133361188826989
5,-5,0.000773045860979501
5,-4,0.006389015102590961
5,-3,-0.0002113848298441238
5,-2,0.039955932392420075
5,-1,-0.08689730524860283
5,0,6.835438092115314
5,1,-0.023757289962199394
5,2,0.03651812907025696
5,3,-0.030774992511004504
5,4,0.017132632116865845
5,5,-0.009909570521396606
5,6,-0.0024678407623513667
5,7,-0.01231113037398473
5,8,0.006312331890676817
5,9,-0.0026358403417836014
6,-10,-0.003040664838437382
6,-9,-0.006976224248429737
6,-8,0.002878835625376994
6,-7,-0.0012316651409610153
6,-6,0.005837710623356119
6,-5,0.00021090830808812857
6,-4,0.013968754475781345
6,-3,-0.011257997490506272
6,-2,0.020188550003482623
6,-1,-0.033326304123159414
6,0,-4.118730599539195
6,1,-0.0031902261028327237
6,2,0.007212971866682131
6,3,-0.012384794859872754
6,4,0.0002766587080206811
6,5,-0.011848305184257762
6,6,0.004462990054107147
6,7,0.0024380264453124274
6,8,0.004606801001163472
6,9,0.002444925394185195
7,-10,-0.00044258936889823294
7,-9,-0.0025804308536854174
7,-8,0.002469273338986049
7,-7,-0.001423325723832414
7,-6,-0.0036984732235236626
7,-5,0.0021366912335511116
7,-4,0.011046050463285958
7,-3,-0.021297952978388004
7,-2,0.006849248693758171
7,-1,-0.008564692229658298
7,0,-3.1133582009805005
7,1,0.0018616505793640488
7,2,-0.00011564301556145543
7,3,0.0036657846994027224
7,4,0.009907564227812794
7,5,-0.01371340553222023
7,6,0.008124144917693794
7,7,-0.006516044820840976
7,8,-0.005300426222162376
7,9,0.0017575635972631183
8,-10,0.00211161086390182
8,-9,0.0013215983433832914
8,-8,0.0064946365138634846
8,-7,-0.008079805238333954
8,-6,-0.0023271214476460198
8,-5,0.002314770458766131
8,-4,0.0060720735222225385
8,-3,-0.0016889400326273922
8,-2,0.007497502050993727
8,-1,-0.0008100263057691416
8,0,2.845197258450363
8,1,0.006982177276800864
8,2,0.002664374186509091
8,3,0.0009718498597808573
8,4,0.0007926995028896674
8,5,-0.0004923513530670399
8,6,0.00016210786039446757
8,7,-0.007407004816991599
8,8,0.0031287440054470436
8,9,-0.00553318549695733
9,-10,0.0006135804418931469
9,-9,-0.005562561004350062
9,-8,0.0014279845297574024
9,-7,-0.002241661780602538
9,-6,0.0049342985892117065
9,-5,0.002887244793636398
9,-4,0.0035370506532861807
9,-3,-0.008295580384552494
9,-2,0.007780288101188844
9,-1,-0.011487733920656449
9,0,-0.3860438424863353
9,1,0.003071852616753079
9,2,-0.005470826177414115
9,3,-0.002570480075833834
9,4,-0.004655535273202168
9,5,0.0059359182719633625
9,6,0.005839503397843394
9,7,0.0010385765870977572
9,8,0.006463021910030801
9,9,2.7883540072097836e-05
