2.345038724367742248e-03 -3.029977577169072622e-02 -7.005076005858938692e-02 -1.115915303152296145e-01 -1.535258659115624480e-01 -1.848434033891169503e-01 -1.811807533665344416e-01 -1.447949680697503960e-01 -1.010061728299695566e-01 -5.969313996625556784e-02 -2.176397757251423079e-02 3.003452737588053773e-03 2.964803828336979447e-02 5.086719403391544436e-02 4.545472883167205047e-02 4.295537278246106677e-02 4.767212183416227184e-02 7.330910455693355476e-02 7.526595799581431434e-02 4.766742605507629654e-02
2.057472557229764187e-02 -8.214142856966556716e-02 -1.873923360496341506e-01 -3.025845496702230797e-01 -3.898009673475492654e-01 -4.630631941742751057e-01 -4.482623299126050620e-01 -3.726247368564660212e-01 -2.888597196455278682e-01 -1.890992762497028246e-01 -8.087310713334627810e-02 1.941681568007518413e-02 1.289404249932121493e-01 2.887526197644442183e-01 4.750752949176161866e-01 6.347086002305712960e-01 7.351294844641987902e-01 6.941550202991699781e-01 4.876034363457662502e-01 1.910048343162850382e-01
6.455259216465486505e-02 -1.377779301870848128e-01 -3.492694790555027629e-01 -5.638227122650623091e-01 -7.192634326538525080e-01 -8.404454993291803344e-01 -8.145255010017322661e-01 -6.778099162036462788e-01 -5.609648080537599224e-01 -3.723016458200791301e-01 -1.719328536125345475e-01 3.431644759974394887e-02 2.722352041365843633e-01 6.336211467560449728e-01 1.100585543753076490e+00 1.536765267344845975e+00 1.794708396820247076e+00 1.687986238059265842e+00 1.165136826325547048e+00 4.624636070315379932e-01
1.382721921675175991e-01 -2.104650767371711861e-01 -5.584035329813633597e-01 -9.111929038112548396e-01 -1.154616714886522288e+00 -1.335056365078651774e+00 -1.271726781891683089e+00 -1.091376460397851744e+00 -9.062145591742729600e-01 -6.266440158017221318e-01 -2.971076188871835111e-01 4.856112029943918801e-02 4.649299633356761552e-01 1.087988258125903496e+00 1.941803026176356806e+00 2.751806755084424960e+00 3.262138810339294537e+00 3.065923005806106882e+00 2.110588388055379294e+00 8.652679303791430687e-01
2.536972605963170868e-01 -2.833198894199313034e-01 -7.853761632379849811e-01 -1.302076355023337406e+00 -1.646726158950562180e+00 -1.882698129084816152e+00 -1.806100434197334348e+00 -1.564026873770204329e+00 -1.309267228822539986e+00 -9.145466830428656824e-01 -4.406453357627996836e-01 5.421245307258242691e-02 6.647081781659615052e-01 1.566856192647551493e+00 2.819181708865770464e+00 4.059102479232248761e+00 4.841761324939571232e+00 4.567968561160727248e+00 3.167818700512737617e+00 1.338138911762140282e+00
3.936123999517808225e-01 -3.101463928324948438e-01 -1.022862299216444004e+00 -1.711424495860399242e+00 -2.206123027254252911e+00 -2.510465225057723959e+00 -2.439601720243565808e+00 -2.104516592187222646e+00 -1.746501680729940498e+00 -1.250164149897357468e+00 -6.163176252835431690e-01 4.546472617187104909e-02 8.763081198157287588e-01 2.074730640256690961e+00 3.735827204163738369e+00 5.434881783369670316e+00 6.508379497825742988e+00 6.130632079302363202e+00 4.311509707610075459e+00 1.854150832914610136e+00
6.244739241202076352e-01 -3.256923018512670187e-01 -1.268707621374048911e+00 -2.208676408425951365e+00 -2.875173301366351186e+00 -3.261895215491791955e+00 -3.150778785123222292e+00 -2.716887312756949058e+00 -2.300866217406585701e+00 -1.643422586462071733e+00 -8.212612426951754196e-01 3.473769298694278501e-02 1.096012555384008769e+00 2.621645067787032879e+00 4.758563166795597432e+00 7.042711121546396669e+00 8.488898897951525413e+00 8.134689793180957196e+00 5.753273137981397056e+00 2.553032087707581610e+00
8.741988901574193616e-01 -3.224111016004063135e-01 -1.508680328472560728e+00 -2.638041057646549614e+00 -3.404451817491110699e+00 -3.807283520093558860e+00 -3.669164061617153916e+00 -3.122288753020970198e+00 -2.659928061113250752e+00 -1.927470977369559746e+00 -9.801205690780967483e-01 2.956423946013057857e-02 1.265380605163344718e+00 3.060533029459778565e+00 5.618815719638213579e+00 8.452567968950949862e+00 1.034177957050576779e+01 1.006537825204235936e+01 7.237713356924810881e+00 3.295019092055428978e+00
1.110099947444475044e+00 -3.802809440945085218e-01 -1.767558873357602645e+00 -3.034815342929803705e+00 -3.826821715854422212e+00 -4.211684984962070111e+00 -4.008708886220470724e+00 -3.401339578769555505e+00 -2.895853191010215433e+00 -2.125568236674371114e+00 -1.084304229224379412e+00 4.155707554160691097e-02 1.445157879698754089e+00 3.505526506333545012e+00 6.534225463979949744e+00 9.959003980245910270e+00 1.240246267875874686e+01 1.226122687162975922e+01 8.909542630411198871e+00 4.117903886758076837e+00
9.514246442636070666e-01 -3.552169679571753336e-01 -1.511911340079651334e+00 -2.461128947220497576e+00 -3.040305123218344896e+00 -3.271366328535715517e+00 -3.091625709310320769e+00 -2.620227736795741169e+00 -2.303627612275576109e+00 -1.704272882827975621e+00 -8.790218716402186105e-01 6.373457338761112645e-02 1.280925681447395492e+00 3.093746205896858115e+00 5.852156694020950845e+00 9.072311148603818154e+00 1.144054909472136572e+01 1.132594409300068783e+01 8.164150336725047197e+00 3.693304412276301019e+00
3.306569569941612552e-01 3.739848147409065900e-03 -2.434187015667149123e-01 -4.232064631815987132e-01 -5.339319020938537719e-01 -5.906503838025759512e-01 -6.250451882722436459e-01 -6.463786752700876326e-01 -6.872192008267029584e-01 -5.806288219979316434e-01 -3.314356990873348341e-01 3.631267123338696723e-02 5.539591921931774632e-01 1.388345589554394355e+00 2.737109942251680916e+00 4.374449779684735695e+00 5.479963968735612312e+00 5.103720626754700618e+00 3.167283182515817419e+00 1.170221856710710329e+00
-2.454129382738663712e-01 8.005763992908392357e-01 1.646304666168507236e+00 2.360384136008323086e+00 2.708543540367218672e+00 2.790436785076880977e+00 2.435194038144399720e+00 1.833987768175277200e+00 1.328518743425664228e+00 8.068244974620394361e-01 3.259098075522185445e-01 -8.749579316662818573e-02 -5.565414323506691074e-01 -1.152847097623163730e+00 -1.907243359770427915e+00 -2.642185692520298446e+00 -3.383394072526662466e+00 -4.086330920996005034e+00 -3.957359299404648922e+00 -2.167659066652690480e+00
-4.768322191094287454e-01 1.938121621380413773e+00 3.916926877871906854e+00 5.517950661938479939e+00 6.384135153825211795e+00 6.658497982517329383e+00 6.011566892930525263e+00 4.729349161709099469e+00 3.695945455638828925e+00 2.431635973064381062e+00 1.050339515608898822e+00 -3.433567650049031972e-01 -2.056377319278388516e+00 -4.481888734599269064e+00 -7.851322963463860383e+00 -1.141257141440720524e+01 -1.409959069048354863e+01 -1.461288489843818894e+01 -1.144165869885085485e+01 -5.211279502853338741e+00
-2.496023316118121393e-01 3.030401478339854293e+00 5.790605047388424076e+00 8.024354590148833566e+00 9.335472192885987397e+00 9.911985117492651653e+00 9.121970898343231937e+00 7.331130155892171985e+00 5.870086182148587461e+00 3.914405725705486727e+00 1.666727273581348756e+00 -6.918877456219337807e-01 -3.721953921855327696e+00 -8.102572703341687443e+00 -1.417507873120932338e+01 -2.038898284611928347e+01 -2.434171203309238152e+01 -2.363093175673289537e+01 -1.686514148007450942e+01 -6.880475000708522693e+00
5.897847554350341831e-02 3.177100042845965255e+00 5.813737960212106870e+00 8.011300748605897581e+00 9.390500702959283075e+00 1.012759689883405478e+01 9.568371851842794484e+00 7.855284080254218537e+00 6.394157570812890157e+00 4.326578467644170090e+00 1.812623951049959325e+00 -9.066291494417744179e-01 -4.489955923150591666e+00 -9.804556480396074747e+00 -1.701669503701116071e+01 -2.408099557394964663e+01 -2.775718394473677364e+01 -2.544559595342719049e+01 -1.696418461846589310e+01 -6.415601672868529448e+00
8.618946784259623461e-02 2.306782859778663930e+00 4.206269161477531604e+00 5.851836644241938501e+00 6.951121146186681976e+00 7.600160368051957605e+00 7.320523161817324542e+00 6.134250651944641142e+00 5.095741213860291552e+00 3.502564420996237438e+00 1.472851453752044959e+00 -7.772227164153171497e-01 -3.796856815133446084e+00 -8.319384494463742286e+00 -1.444459977414614649e+01 -2.021131950483952977e+01 -2.268856280500679645e+01 -2.001951681142778838e+01 -1.280264616718229220e+01 -4.639267563581893405e+00
2.698887284982295649e-03 1.323759072118788627e+00 2.482715688208931404e+00 3.505712294303092946e+00 4.203214413293909324e+00 4.658251453738756709e+00 4.573747370782797361e+00 3.898780856520680516e+00 3.264497918930777232e+00 2.295850463034658784e+00 9.917927473456957799e-01 -4.881021875532972620e-01 -2.490905111996131627e+00 -5.497956202437171314e+00 -9.597131458808567217e+00 -1.339834194919044030e+01 -1.486392191802580420e+01 -1.280205370050999036e+01 -8.004783980509797559e+00 -2.870304610571576820e+00
-2.362120741159462814e-02 6.531929899389682381e-01 1.247112625467107216e+00 1.802592096979893865e+00 2.193487362266920204e+00 2.457433060168903616e+00 2.432010087002834720e+00 2.101334123671891874e+00 1.798199050026560109e+00 1.267675116918584033e+00 5.673009341698262986e-01 -2.483068418915391762e-01 -1.338437838949236625e+00 -3.043770130945563590e+00 -5.298660041216940897e+00 -7.365118189927618353e+00 -8.118155992693143475e+00 -6.928371594305919423e+00 -4.249673297400399008e+00 -1.503963769202193879e+00
-1.855298246055562400e-02 2.537799774827150801e-01 4.967621125651928149e-01 7.184973553410387570e-01 8.935481749939402363e-01 1.014950754846685843e+00 1.007758683449467840e+00 8.761882301138684825e-01 7.613298078874081165e-01 5.364066097420590040e-01 2.386380348036830912e-01 -1.041474988206181063e-01 -5.643226645200909442e-01 -1.304760660936303163e+00 -2.260172563403248347e+00 -3.133233456089115077e+00 -3.423133347099823087e+00 -2.894910467774296947e+00 -1.745630105653718900e+00 -6.048193488516864225e-01
-7.868628935217057349e-03 5.454767358279501849e-02 9.446256900502995879e-02 1.273980484750503461e-01 1.592186670918395164e-01 1.818434899801334437e-01 1.899778955751569298e-01 1.729651132758066312e-01 1.510394914312567227e-01 1.172493624196994794e-01 5.734901732689524911e-02 -2.639970136368917711e-02 -1.344136588319969627e-01 -3.217746775744577681e-01 -6.009970464078302488e-01 -8.204398824679535185e-01 -9.084821957554819472e-01 -7.359080310321961527e-01 -4.319857977704726348e-01 -1.263883207425125499e-01
