n1,n2,coeff
-10,-10,-2.159790930470346e-15
-10,-9,-2.334959787851848e-15
-10,-8,-1.4930419666242476e-15
-10,-7,-3.1508814202259796e-15
-10,-6,-1.7716662424228606e-15
-10,-5,2.879721240627128e-15
-10,-4,-2.5715464209097617e-15
-10,-3,-3.679068951866764e-15
-10,-2,-3.1674061678010205e-15
-10,-1,6.521820676037213e-15
-10,0,0.3026674810580425
-10,1,1.1504314811491873e-14
-10,2,-4.984043619219065e-16
-10,3,-3.150759194864189e-15
-10,4,5.423389927927361e-15
-10,5,8.639163721881383e-15
-10,6,-4.930463934174942e-15
-10,7,2.333853766482709e-15
-10,8,-3.775964788014612e-15
-10,9,-2.9415529964276376e-15
-9,-10,1.4398606203135645e-15
-9,-9,-7.845553797424123e-15
-9,-8,1.9845694568264654e-15
-9,-7,1.5866016814743302e-15
-9,-6,-2.5840881518894714e-15
-9,-5,-5.759442481254258e-15
-9,-4,-7.052653952719255e-15
-9,-3,3.46229806401979e-15
-9,-2,2.314021227705064e-15
-9,-1,-1.0966021675546433e-15
-9,0,-1.8097690161949993
-9,1,-2.5289904744435995e-15
-9,2,7.421792223502956e-15
-9,3,7.980643694800421e-15
-9,4,2.7862237670510268e-15
-9,5,8.639163721881387e-15
-9,6,1.1175626509749609e-14
-9,7,4.229496022467823e-15
-9,8,3.0611472763727542e-15
-9,9,1.4502670172601772e-14
-8,-10,1.7998257753919557e-15
-8,-9,4.721029853642847e-15
-8,-8,-9.61937358778956e-15
-8,-7,-2.342208116524863e-15
-8,-6,-4.4238994500787465e-15
-8,-5,-8.639163721881387e-15
-8,-4,-6.5650728198097515e-15
-8,-3,2.15251423178854e-15
-8,-2,-5.195523216804565e-15
-8,-1,6.03346877359575e-16
-8,0,-4.816203750901428
-8,1,-5.5217607321061615e-15
-8,2,1.0395868263326726e-15
-8,3,-7.090877393445045e-15
-8,4,9.400253136861474e-15
-8,5,-5.7594424812542564e-15
-8,6,-4.477180482449934e-15
-8,7,-1.3213998721932088e-15
-8,8,3.756582297555313e-16
-8,9,7.307500867556882e-15
-7,-10,8.279198566802996e-15
-7,-9,-7.927547741689537e-15
-7,-8,4.0499090634345305e-15
-7,-7,6.6638232235758754e-15
-7,-6,5.762246319833123e-15
-7,-5,5.7594424812542596e-15
-7,-4,-8.653282950883293e-16
-7,-3,-3.602248217063621e-16
-7,-2,2.2999799140215805e-15
-7,-1,-5.002063919541163e-15
-7,0,0.03751828854671072
-7,1,5.1760081808330164e-15
-7,2,1.932482681974817e-15
-7,3,-8.111863386458709e-15
-7,4,-8.92263130455412e-15
-7,5,5.759442481254258e-15
-7,6,-2.921377680181113e-15
-7,7,3.3649393576649602e-15
-7,8,1.2332626950459633e-14
-7,9,-1.8452547399983052e-15
-6,-10,7.199303101567823e-15
-6,-9,5.098836004688619e-16
-6,-8,-8.292732900639756e-15
-6,-7,-6.896899508908991e-15
-6,-6,-1.3436625485711657e-14
-6,-5,5.759442481254258e-15
-6,-4,-5.6064861958557516e-15
-6,-3,-4.2388750953298796e-15
-6,-2,1.004378426393069e-19
-6,-1,-2.4039088526280643e-15
-6,0,-15.539171768698722
-6,1,2.5946914480741816e-15
-6,2,-6.626763776199973e-15
-6,3,-1.2229528136111258e-14
-6,4,4.317680451981993e-15
-6,5,2.879721240627128e-15
-6,6,-6.310679197227221e-15
-6,7,3.8556054840552645e-15
-6,8,-4.017825733882772e-15
-6,9,-1.1576104209541721e-14
-5,-10,5.039512171097562e-15
-5,-9,-4.044790751701678e-15
-5,-8,7.12777541310031e-15
-5,-7,-7.70945045952789e-16
-5,-6,-1.9985157785290192e-14
-5,-5,1.7278327443763262e-14
-5,-4,-3.6971181219101036e-15
-5,-3,7.139721339716358e-16
-5,-2,7.726828498309848e-16
-5,-1,3.1358140224092917e-15
-5,0,-22.674818137720898
-5,1,-6.412388878239458e-16
-5,2,-1.2676279657016457e-16
-5,3,4.911011570648771e-15
-5,4,-1.84744952364446e-15
-5,5,8.184660034166677e-29
-5,6,4.7834193893154005e-15
-5,7,4.626794476345025e-15
-5,8,-2.0758722460000645e-14
-5,9,-9.053805892983279e-15
-4,-10,1.439860620313564e-15
-4,-9,-2.5115158613754265e-15
-4,-8,-2.717742108478625e-15
-4,-7,8.327133351258925e-16
-4,-6,-1.1193098940987725e-14
-4,-5,1.727832744376277e-14
-4,-4,-1.2479141926214603e-14
-4,-3,4.538601267859922e-15
-4,-2,-1.938335971548755e-15
-4,-1,1.9051750215925352e-16
-4,0,-9.614092871709728
-4,1,1.5592007691033898e-15
-4,2,6.051454200023912e-16
-4,3,-5.194606643641404e-15
-4,4,-7.219225600584557e-15
-4,5,4.895526109066117e-14
-4,6,9.528541684957305e-15
-4,7,3.2977547438896238e-15
-4,8,-1.75307950400007e-15
-4,9,7.790692934999495e-15
-3,-10,-1.349869331543966e-14
-3,-9,-7.487764880082827e-15
-3,-8,-6.142131154788685e-15
-3,-7,-2.3093195818118087e-15
-3,-6,-2.637278811678334e-15
-3,-5,5.759442481254255e-15
-3,-4,-4.315843092372832e-15
-3,-3,2.6220231321063523e-15
-3,-2,-2.953786892137867e-15
-3,-1,-8.417062429744042e-15
-3,0,-12.861682771889628
-3,1,6.784793776019645e-16
-3,2,-6.231158975813843e-16
-3,3,-8.820828708684181e-15
-3,4,4.845573602150178e-15
-3,5,0.0
-3,6,7.83438501314071e-15
-3,7,5.9283550751331535e-15
-3,8,-6.960703874640835e-15
-3,9,-1.0277150782697455e-14
-2,-10,3.2576846534594386e-14
-2,-9,-6.672819325428582e-14
-2,-8,1.8605169434647015e-14
-2,-7,-7.377791910369338e-14
-2,-6,-1.410958605605251e-13
-2,-5,1.727832744376277e-13
-2,-4,-1.8659843247835204e-15
-2,-3,8.469492584951389e-15
-2,-2,1.0575315534702302e-14
-2,-1,1.469801425746987e-14
-2,0,-204.79203119040986
-2,1,4.687599927036251e-15
-2,2,-6.501014203219613e-15
-2,3,-6.13313735991568e-14
-2,4,-2.515480770513523e-14
-2,5,4.319581860940692e-14
-2,6,1.4792908132570833e-14
-2,7,5.143450927955044e-14
-2,8,-8.01575896375458e-14
-2,9,-2.4870169225399103e-14
-1,-10,-5.759442481254256e-15
-1,-9,1.2173151420574315e-14
-1,-8,-7.49687750643588e-15
-1,-7,1.4426376842258254e-14
-1,-6,4.054096563757414e-14
-1,-5,-1.1518884962508516e-14
-1,-4,-1.0984101536497077e-14
-1,-3,3.8819622953544146e-16
-1,-2,-8.739776142735424e-16
-1,-1,6.444568134970863e-16
-1,0,46.03254001346641
-1,1,1.1664728182153524e-15
-1,2,-5.591149654784056e-16
-1,3,1.3247085584153666e-14
-1,4,1.2614180505067777e-14
-1,5,-1.439860620313564e-14
-1,6,-1.2276640134366678e-14
-1,7,-1.265098296709622e-14
-1,8,1.4693313947229246e-14
-1,9,1.3141626337364279e-14
0,-10,-7.19930310156782e-14
0,-9,1.8862671641741928e-13
0,-8,-3.7008085541786655e-14
0,-7,1.960043638157057e-13
0,-6,3.361036970800363e-13
0,-5,-4.233190223721878e-13
0,-4,9.189641277722124e-15
0,-3,-3.0159158383724614e-14
0,-2,-2.5652072445057065e-14
0,-1,-3.943734560063225e-14
0,0,519.9419233173708
0,1,-2.763681014303459e-15
0,2,2.56437323916554e-14
0,3,1.4988925494868854e-13
0,4,6.46993245456946e-14
0,5,-3.1676933646898406e-14
0,6,-3.9644927486257155e-14
0,7,-1.1752115473057703e-13
0,8,2.4515676464551333e-13
0,9,8.189675839873183e-14
1,-10,1.799825775391955e-14
1,-9,-6.770862113977585e-14
1,-8,7.905154481828691e-15
1,-7,-6.600909810093054e-14
1,-6,-1.1760574295883273e-13
1,-5,1.2670773458759362e-13
1,-4,-8.785808458473799e-15
1,-3,6.720538488954682e-15
1,-2,1.8021238997419632e-14
1,-1,1.5924785206876762e-14
1,0,-193.7311327728098
1,1,3.8041596337626195e-15
1,2,8.605800396809882e-16
1,3,-5.425066367318148e-14
1,4,-1.942861861689117e-14
1,5,-3.4556654887525534e-14
1,6,3.4443792444910175e-14
1,7,4.150670376167155e-14
1,8,-9.360292011561585e-14
1,9,-2.7567678522059938e-14
2,-10,8.639163721881383e-15
2,-9,-2.8332179308248525e-14
2,-8,8.879290790234521e-15
2,-7,-3.2433616271188795e-14
2,-6,-5.650484911975239e-14
2,-5,6.623358853442396e-14
2,-4,1.0550052805673399e-14
2,-3,6.111487869677815e-15
2,-2,6.1308031874994635e-15
2,-1,7.125311477017518e-15
2,0,-78.6097089733607
2,1,1.8948038429263742e-15
2,2,2.005532069978003e-15
2,3,-2.4106077604627985e-14
2,4,-1.8954579555828213e-15
2,5,1.439860620313564e-14
2,6,6.3131719368448266e-15
2,7,2.1179934459275293e-14
2,8,-4.3193078567559236e-14
2,9,-1.026190960900764e-15
3,-10,-1.4398606203135645e-14
3,-9,5.873082382876181e-15
3,-8,-1.7504687664639193e-14
3,-7,1.9206351568192177e-14
3,-6,3.1986047467054713e-14
3,-5,-3.4556654887525546e-14
3,-4,-3.534880720667011e-15
3,-3,-3.11247783922987e-15
3,-2,-4.5664851535037445e-15
3,-1,-6.568734425040127e-15
3,0,53.572993216064695
3,1,-1.3243251400908188e-15
3,2,2.7997742889353405e-15
3,3,1.159519325192906e-14
3,4,-1.6868333393709361e-15
3,5,4.3195818609406925e-15
3,6,-7.218707905501695e-15
3,7,-9.993004745577282e-15
3,8,2.412253034093099e-14
3,9,4.661552191485358e-15
4,-10,5.759442481254256e-15
4,-9,-1.0542022713516859e-14
4,-8,2.0207901315185086e-15
4,-7,-1.4450733598415183e-14
4,-6,-3.048933129590549e-14
4,-5,2.8797212406271284e-14
4,-4,-1.854888235941593e-14
4,-3,4.8825230672464145e-15
4,-2,1.8568658485765657e-15
4,-1,8.411365704637903e-15
4,0,-37.85633283901029
4,1,1.0431538686959677e-14
4,2,-4.863747918453055e-15
4,3,-1.3307510346505408e-14
4,4,-5.903830892042088e-15
4,5,0.0
4,6,-6.440621193302976e-15
4,7,-1.0304973106524893e-15
4,8,-2.3003190626995766e-14
4,9,-1.0942040030624782e-14
5,-10,-2.1597909304703407e-15
5,-9,2.720817460002175e-15
5,-8,-8.369845136659554e-15
5,-7,2.1564649223975718e-15
5,-6,1.6934895400554505e-14
5,-5,1.151888496250847e-14
5,-4,-3.0001651364616213e-15
5,-3,2.5043069448281652e-15
5,-2,3.727848418227199e-15
5,-1,4.516035939152416e-15
5,0,6.728755070804772
5,1,4.42211287725277e-16
5,2,-7.695315237474338e-15
5,3,-2.8751971353150655e-15
5,4,8.309988670914328e-15
5,5,-1.7278327443762764e-14
5,6,6.8889031993941175e-15
5,7,-3.709073269433848e-15
5,8,9.678182881457056e-15
5,9,7.320394463003221e-15
6,-10,5.759442481254254e-15
6,-9,-3.2512319580906377e-15
6,-8,9.05544854518658e-16
6,-7,3.502815187586728e-15
6,-6,-1.103507113518699e-14
6,-5,5.759442481254255e-15
6,-4,2.531186454814876e-15
6,-3,-2.8774080869976434e-15
6,-2,2.1413557742154711e-16
6,-1,-4.9716411623322754e-15
6,0,-4.509250182320817
6,1,-1.347637676248131e-16
6,2,1.9872065064988058e-15
6,3,-5.42168434974276e-15
6,4,1.1418748566681436e-14
6,5,-5.759442481254254e-15
6,6,5.293408554223043e-15
6,7,1.0302836649744451e-14
6,8,-2.9442352927603426e-15
6,9,1.8830414825969324e-14
7,-10,-1.4398606203135633e-14
7,-9,8.731510837917881e-15
7,-8,-6.719657980325831e-16
7,-7,4.271366803791562e-15
7,-6,-9.495008781825385e-15
7,-5,7.199303101567816e-15
7,-4,4.123856045239786e-15
7,-3,-4.091384226252379e-15
7,-2,1.1788951538615623e-15
7,-1,-2.6946491435567524e-15
7,0,-3.3565349122513286
7,1,7.926464602994769e-16
7,2,-2.469727834816729e-16
7,3,-3.755624151391281e-15
7,4,-1.592642601775235e-14
7,5,-8.639163721881379e-15
7,6,4.9018630150206005e-16
7,7,2.7428475216135645e-15
7,8,4.1598461469411885e-16
7,9,-1.4828125621623575e-14
8,-10,-5.759442481254256e-15
8,-9,-1.645925344855554e-14
8,-8,6.005333557548362e-15
8,-7,1.3648571476224068e-16
8,-6,3.2578369445881594e-16
8,-5,1.5838466823449203e-14
8,-4,8.30366872022542e-15
8,-3,-3.755236147139984e-15
8,-2,-3.416627292422426e-15
8,-1,2.4206124004983077e-15
8,0,2.948170075761591
8,1,1.2404254093507517e-15
8,2,1.7184548822278338e-15
8,3,5.389314031355946e-15
8,4,6.408245206119403e-15
8,5,-2.0158048684389888e-14
8,6,-5.873299750531615e-15
8,7,3.293617626864214e-15
8,8,1.5661925255116434e-14
8,9,5.814928576603797e-15
9,-10,1.4398606203135635e-15
9,-9,2.7614282216838973e-15
9,-8,-1.2895280234526796e-14
9,-7,-1.1323472034990299e-15
9,-6,8.118568218174402e-15
9,-5,-2.3037769925017016e-14
9,-4,-2.4369748909399208e-17
9,-3,-5.029951983219591e-15
9,-2,6.8381867629743714e-15
9,-1,-6.2662328300996524e-15
9,0,-0.3985125478501889
9,1,1.417226283373028e-14
9,2,-2.0369538783933343e-15
9,3,-9.026140416634766e-15
9,4,-4.248504727948039e-15
9,5,0.0
9,6,5.451779310375135e-15
9,7,3.3764740260174205e-16
9,8,-3.354128565949127e-15
9,9,9.676420984047391e-15
