2.764379472933597200e-03 -1.697996375323232790e-02 -3.149438643867558812e-02 -4.910952564526926273e-02 -6.069385307895398818e-02 -7.303109328906018383e-02 -8.617854692231034786e-02 -6.642287271366213719e-02 -5.668100391920832121e-02 -2.700895170250065813e-02 -6.897999114500229755e-03 1.449829665126205983e-03 1.521498925921494112e-02 2.826208581370469666e-02 3.245708678776218492e-02 2.737037011123807234e-02 2.371496652326835625e-02 4.094992354853457112e-02 2.618264892584573969e-02 2.406671017652998318e-02
7.964566419010093296e-03 -3.384489363629981235e-02 -9.368981713841187386e-02 -1.326249244378144010e-01 -1.763685722867120442e-01 -2.116251399172049685e-01 -2.272120148889427704e-01 -1.875493501006597341e-01 -1.593665096936040804e-01 -1.056834364260307996e-01 -3.820806786776720365e-02 1.736400575035087351e-02 8.596421329832597269e-02 1.827758673746492091e-01 2.890808769126737010e-01 3.836745149069903382e-01 4.118381418893979906e-01 3.540951128499961742e-01 2.214282424487940548e-01 8.446662063544858878e-02
1.961203499540137285e-02 -6.471466462997176039e-02 -1.703806586344773499e-01 -2.626155980092510500e-01 -3.365636664779185216e-01 -3.974906932724628361e-01 -4.150520545113230431e-01 -3.539885813424226146e-01 -3.072495717024252282e-01 -2.161529299517849501e-01 -9.112646996955858780e-02 2.765728643066447251e-02 1.785419828275356113e-01 3.940731810561911574e-01 6.672088535177694846e-01 9.065426656465386257e-01 9.771119065885189858e-01 8.384648464736083051e-01 5.277486504918049715e-01 1.967349199424921202e-01
4.722261602079151632e-02 -1.099561798418845909e-01 -2.710438387596993404e-01 -4.224959708790541613e-01 -5.487714806015109303e-01 -6.440681704145548858e-01 -6.636267216136562119e-01 -5.773508165660596880e-01 -5.044424231144616355e-01 -3.615257921573586941e-01 -1.605368802916971593e-01 3.944690205980260628e-02 2.952717203623362874e-01 6.683179992040525486e-01 1.156574853141909776e+00 1.603585155765345549e+00 1.755593831071260436e+00 1.505687136459091136e+00 9.557215908216708522e-01 3.559715012750219176e-01
7.864550106165922594e-02 -1.338929322979008629e-01 -3.697890832099617331e-01 -6.008705592727879852e-01 -7.781553362468049961e-01 -9.113337299929697988e-01 -9.386911618613917874e-01 -8.219239840508993922e-01 -7.171490086893509419e-01 -4.984428410824260358e-01 -2.458652824996936381e-01 4.183546051239495772e-02 4.115784560265260406e-01 9.515128815666163975e-01 1.670336030632391333e+00 2.330541878422236479e+00 2.579866977767532266e+00 2.237330429814107013e+00 1.406032582432461320e+00 5.388551268162655727e-01
1.255025068787123388e-01 -1.609982049584824659e-01 -4.732943783832577189e-01 -7.778982860742837957e-01 -1.038913480709545922e+00 -1.212863977933479998e+00 -1.240268427064078471e+00 -1.098652270242762352e+00 -9.667197642065766816e-01 -6.794982132966966848e-01 -3.448582300618771579e-01 4.472301601686870520e-02 5.381742068452833871e-01 1.254830656661979127e+00 2.217818943406821841e+00 3.106470212231290606e+00 3.466687849718959935e+00 3.033374143321798666e+00 1.909419749436608971e+00 7.519373593978074810e-01
1.886804365391664406e-01 -1.890768070920955113e-01 -5.854104121838337171e-01 -1.013178139016236212e+00 -1.330744657283069010e+00 -1.559143574556218992e+00 -1.591926587919093583e+00 -1.407756110481554357e+00 -1.228445104268259813e+00 -8.847354669783015213e-01 -4.535909695375652251e-01 4.446900349617573245e-02 6.653496322191970735e-01 1.568676755790536337e+00 2.798408130943370153e+00 3.975603206322414707e+00 4.475587896616341155e+00 3.950561776558380700e+00 2.526646265926730806e+00 9.983760554279839106e-01
2.617411964996779750e-01 -2.091983411663150549e-01 -6.848223538541909905e-01 -1.148157835610315258e+00 -1.541851315613899320e+00 -1.778854209994130686e+00 -1.801713074974240492e+00 -1.597645856827237143e+00 -1.397550497609014730e+00 -1.014676162559101646e+00 -5.285377029687240436e-01 4.354153294505484079e-02 7.535683730572350081e-01 1.790625104551581304e+00 3.239753622505609165e+00 4.658350808552365940e+00 5.328638883868109133e+00 4.752791697575139196e+00 3.062672794400070675e+00 1.238149019427503106e+00
3.088996070725017473e-01 -2.291598081956596200e-01 -7.707470835870394721e-01 -1.299528713630387688e+00 -1.699631493217693023e+00 -1.931161619605535229e+00 -1.942078791898579349e+00 -1.715423828285611130e+00 -1.503485475298463880e+00 -1.110789077450522688e+00 -5.698817807236608024e-01 4.833285289411071856e-02 8.361569567682115567e-01 2.004863488571794861e+00 3.653216549263439639e+00 5.329269380836383796e+00 6.169739134458605889e+00 5.546862069386270022e+00 3.629592711783931502e+00 1.475413003418625468e+00
2.634464484719911681e-01 -2.156428974271134558e-01 -6.703819819066311192e-01 -1.080345515301967652e+00 -1.369385752581273819e+00 -1.546791763376042406e+00 -1.518309504698399426e+00 -1.339248507792645038e+00 -1.183375695145926443e+00 -8.953727125633668127e-01 -4.619494167613981683e-01 5.019173108660093807e-02 7.174030946439935441e-01 1.735898564396633370e+00 3.186696124176826572e+00 4.713859040202599715e+00 5.505963118543697021e+00 4.960225937172113575e+00 3.232978544244093921e+00 1.314397614936759107e+00
1.084120302435387789e-01 -6.309331208828075632e-02 -2.037817903956461729e-01 -3.365040095076491933e-01 -4.095826681727949281e-01 -4.513910176486884418e-01 -4.538703174940554863e-01 -4.158318316213756582e-01 -4.163469960881528431e-01 -3.415875395918361868e-01 -1.881330621151231230e-01 2.211710108348892423e-02 3.081164178899982731e-01 7.796421121628657191e-01 1.469277354481880016e+00 2.227708877167308810e+00 2.587670962968510846e+00 2.227621391398826756e+00 1.368469114572880230e+00 5.256767720798195542e-01
-4.284195371575355571e-02 2.239323174063748145e-01 4.828096389719235271e-01 7.201744926630968546e-01 8.938915048171498512e-01 9.953917888654226775e-01 9.454694908215145466e-01 7.645660867476810063e-01 5.883072399504422068e-01 3.725527911424539873e-01 1.512452012873377882e-01 -4.844167431126044504e-02 -2.859206266704528154e-01 -6.013481513737622963e-01 -9.950788417342159020e-01 -1.368250430694501141e+00 -1.629416910767715665e+00 -1.708846989197923882e+00 -1.321931344444206013e+00 -5.765471579228211851e-01
-1.449343693846473491e-01 6.614096764894372704e-01 1.397378938336288456e+00 2.052652932980350897e+00 2.529405517396671854e+00 2.802990230484930567e+00 2.694982889477748778e+00 2.243570321234468423e+00 1.821711684333268355e+00 1.242131595255768550e+00 5.426372144009253828e-01 -1.812244507549013173e-01 -1.094733901205384274e+00 -2.422932469931367017e+00 -4.225259294957171008e+00 -5.975293013649262797e+00 -6.915612575976795462e+00 -6.485614313700558853e+00 -4.497822756558651491e+00 -1.814057970464698855e+00
-1.343516826733001657e-01 1.159859674506648952e+00 2.296528782760786314e+00 3.371763772817382154e+00 4.142750618535965046e+00 4.606348453536223353e+00 4.466824845989104453e+00 3.753310300724086002e+00 3.086979325739331870e+00 2.120585153924811728e+00 9.255098864841174722e-01 -3.563459776556414660e-01 -2.034610774849116677e+00 -4.501637603543193755e+00 -7.838691509115868428e+00 -1.095715669967756156e+01 -1.237200775365914929e+01 -1.117755835872601011e+01 -7.384478037765233260e+00 -2.821220410563177072e+00
-3.468933184602326220e-02 1.348115550454164424e+00 2.606964120441598087e+00 3.745139037139929350e+00 4.586770336861910380e+00 5.150069959818575072e+00 5.049205834964557660e+00 4.304723664126973937e+00 3.610232255758400122e+00 2.496431894314468103e+00 1.069726237564823546e+00 -4.958648169032783271e-01 -2.580599103840112374e+00 -5.675521232400980054e+00 -9.767516901530168383e+00 -1.345904901247745755e+01 -1.476885403654958040e+01 -1.282338014221969225e+01 -8.111405177817756496e+00 -2.946877806944114830e+00
1.063546374959033029e-02 1.076788765460830355e+00 2.039641537128603854e+00 2.967824394644468011e+00 3.672374087780451823e+00 4.143337327219263067e+00 4.118887052925128245e+00 3.556662698568459291e+00 3.022716057775002962e+00 2.123297265951468393e+00 9.180475510367110958e-01 -4.330348911782182508e-01 -2.261589629686449054e+00 -5.001903901779024331e+00 -8.606073562513858022e+00 -1.171681845666830313e+01 -1.257494196257964170e+01 -1.056656213397238275e+01 -6.450125472811224725e+00 -2.251105420717645078e+00
-7.986347476788370481e-03 6.641217845562250588e-01 1.284329781266715376e+00 1.853880666349813744e+00 2.315847843495998148e+00 2.676645083434542549e+00 2.646796001782632413e+00 2.332969563182875294e+00 2.018073509682728250e+00 1.438085906298109951e+00 6.267347389390293122e-01 -2.847244851410359878e-01 -1.523158510802212984e+00 -3.406995997463641235e+00 -5.883857457005444047e+00 -7.952266701903677237e+00 -8.415449708299806986e+00 -6.971049087921197263e+00 -4.141992045046603010e+00 -1.440708618246865580e+00
-1.288567781492933398e-02 3.448180859476550619e-01 6.804276704026096523e-01 9.889612622516350537e-01 1.246629545374796644e+00 1.428859773337553651e+00 1.464969188651165766e+00 1.290610135299072203e+00 1.135749986942582668e+00 8.016684972121741470e-01 3.563726334737890022e-01 -1.452388767247172752e-01 -8.560794792057682123e-01 -1.904742404508142029e+00 -3.277702170256238556e+00 -4.449130539927383943e+00 -4.646297635547024463e+00 -3.811540350943379174e+00 -2.223114454763889469e+00 -7.693208318241321342e-01
-3.819455613473857463e-03 1.294224790508059775e-01 2.787356623770106956e-01 4.055372449621459374e-01 5.143575312415937795e-01 5.981372677569206653e-01 6.135232681517818198e-01 5.419279662547122900e-01 4.869637764425079340e-01 3.537815103743700007e-01 1.567550781600855758e-01 -6.702236876926079279e-02 -3.703143997983612823e-01 -8.261457491578190204e-01 -1.428971952402500856e+00 -1.917492194984986575e+00 -2.010464119612554779e+00 -1.600688463728636268e+00 -9.357423600272318787e-01 -3.077857404700771182e-01
1.141036180457410303e-03 2.570536860154803635e-02 5.033408332778711164e-02 8.495645565492977724e-02 1.217092444572401705e-01 1.200564669531635903e-01 1.227208672368443471e-01 1.190182161504638181e-01 1.141119594063212672e-01 8.077195760185404416e-02 4.094724542145333074e-02 -1.919434546145205867e-02 -9.592517913365897209e-02 -2.164144874650675288e-01 -3.768610550759535216e-01 -5.176251806737420802e-01 -5.397821845052496181e-01 -4.106794365033699101e-01 -2.388689799871277775e-01 -7.408985838856596562e-02
