n1,n2,coeff
-10,-10,-0.001017638691924021
-10,-9,-0.0029093899081583502
-10,-8,-0.0003354766693475313
-10,-7,0.0015369107585309586
-10,-6,-0.004747524420584449
-10,-5,-0.001653420955172291
-10,-4,0.003991211046088231
-10,-3,0.006705212946824041
-10,-2,0.0019000611992447325
-10,-1,-0.0006805535279568852
-10,0,-0.0031112795579470638
-10,1,0.0033449432716843412
-10,2,-0.0004821203565507561
-10,3,-0.0031924867110659414
-10,4,-0.005466344244623595
-10,5,-0.0024813225648473943
-10,6,0.006010206883877052
-10,7,-0.0023587203246553832
-10,8,-0.0036452163537527512
-10,9,0.0021940151843452007
-9,-10,-0.0070917276613114396
-9,-9,-0.007953304559810869
-9,-8,-0.0020469951584297136
-9,-7,0.008892467867987941
-9,-6,0.00040151613783853457
-9,-5,0.004447797340047783
-9,-4,0.003061785631099369
-9,-3,-0.005078249417760454
-9,-2,-0.0009308971212638907
-9,-1,0.0024982213756171634
-9,0,-0.0020619562332545856
-9,1,0.0058910368747067945
-9,2,0.006809997816702807
-9,3,0.004874148525278207
-9,4,0.002054478996047147
-9,5,-0.0021705866506198006
-9,6,-0.004837600189960735
-9,7,-0.00542059343654214
-9,8,0.0004389205465094831
-9,9,-0.004091110254232163
-8,-10,-0.0008458585662567714
-8,-9,0.007544414317190352
-8,-8,0.012819895704751758
-8,-7,-0.005003477205647744
-8,-6,0.002205010312876162
-8,-5,0.005762269532995256
-8,-4,0.0007364663306454257
-8,-3,-0.005509312401758819
-8,-2,0.0027349410193800846
-8,-1,0.0028101130859081933
-8,0,0.00030376252471848644
-8,1,0.008063870209440214
-8,2,-0.002477948503116253
-8,3,-0.0018642886789540947
-8,4,-0.011310487375031377
-8,5,-0.008285272749966533
-8,6,0.002426274229595219
-8,7,0.005621294354875789
-8,8,-0.0038006752896900253
-8,9,0.0018670194461646724
-7,-10,-4.6275537584489695e-06
-7,-9,-0.005033934347081327
-7,-8,-0.006092185379658016
-7,-7,0.004389193036740089
-7,-6,0.004582015357860376
-7,-5,-0.0011548033990890717
-7,-4,-0.0007448475131058645
-7,-3,-0.00040144225130297144
-7,-2,0.007039904812554481
-7,-1,0.0047247958435904245
-7,0,-0.0007733667526131799
-7,1,-0.0049567370012419815
-7,2,-0.0018685006188588742
-7,3,0.0027945317054350162
-7,4,0.006848015988685245
-7,5,-0.0007454840226763371
-7,6,-0.006578513715205559
-7,7,0.0070392063198878715
-7,8,0.005895146151313855
-7,9,0.0046234293772065265
-6,-10,0.0012633949533393477
-6,-9,0.005758935966538729
-6,-8,0.0014030458321591874
-6,-7,-0.010999703068384933
-6,-6,-0.0034398965408663357
-6,-5,0.009284541014499761
-6,-4,-0.0019765374684303275
-6,-3,-0.00908684949765438
-6,-2,-0.0035599388774028356
-6,-1,0.010063666646671507
-6,0,0.01044038520065995
-6,1,-0.012161475198007018
-6,2,-0.017999322048938806
-6,3,-0.009967524156412189
-6,4,-0.0051922888152443275
-6,5,0.0009578322007064365
-6,6,0.0053946427811345015
-6,7,-0.0037732532344906906
-6,8,0.006907968652472942
-6,9,0.013322624630831982
-5,-10,0.006275961313653387
-5,-9,-0.002117992754718816
-5,-8,-0.00040253974728352156
-5,-7,0.003709330504797369
-5,-6,0.006784240875207518
-5,-5,-0.00242835350076641
-5,-4,-0.005481506227427767
-5,-3,-0.005402448787240401
-5,-2,-0.0010663481988078484
-5,-1,-0.0020930582564821693
-5,0,-0.00372980043625575
-5,1,-0.006271634559160668
-5,2,0.0017208953929990529
-5,3,0.012119542578220793
-5,4,0.008580017646269613
-5,5,-0.004617765804239077
-5,6,-0.013430245831507669
-5,7,-0.0019182743665326033
-5,8,0.011231738016826934
-5,9,0.0016945703312756819
-4,-10,-0.003552866833586344
-4,-9,-0.0036334011218539406
-4,-8,-0.008297553793726688
-4,-7,0.001675727927305213
-4,-6,0.005285666390779076
-4,-5,-0.0013082871036067818
-4,-4,-0.010088710778196498
-4,-3,0.0018145505490342949
-4,-2,-0.0011675091351991374
-4,-1,-0.008941493327060216
-4,0,0.0038923411780879386
-4,1,-0.011680376010826532
-4,2,-0.0008572412076299506
-4,3,0.004975727093664053
-4,4,0.004991566398983853
-4,5,0.006842874465180005
-4,6,0.005230019481375285
-4,7,-0.0020429868032712114
-4,8,-0.0056472924892113285
-4,9,-0.001679503754706269
-3,-10,-0.002091219636021687
-3,-9,0.00010017220505772894
-3,-8,-0.0035736163259748187
-3,-7,0.0007090279824003314
-3,-6,-0.0035806512841569486
-3,-5,0.018135120793696006
-3,-4,-0.0005812814534055863
-3,-3,0.008293480032449186
-3,-2,-0.0105426896252357
-3,-1,0.007723593455465289
-3,0,-0.0017938632846788954
-3,1,0.00876515604954161
-3,2,0.011816838425542691
-3,3,0.010131707433699974
-3,4,0.012631483302243144
-3,5,-0.0008116528006393566
-3,6,-0.010612235127605792
-3,7,-0.01179678820306442
-3,8,-0.004119430800777918
-3,9,0.011177789394942118
-2,-10,-0.003071321635283959
-2,-9,-0.0047874690294668985
-2,-8,-0.01326427514255833
-2,-7,0.014262510716421503
-2,-6,0.011293937946499442
-2,-5,0.0035675650583960735
-2,-4,0.0011325514855653912
-2,-3,-0.002952345543340148
-2,-2,-0.0020181270893126087
-2,-1,0.0027241080231890104
-2,0,-0.0026198494400855414
-2,1,0.006348994983302814
-2,2,-0.005275240471234659
-2,3,0.004366417504058109
-2,4,-0.0031188180138262043
-2,5,-0.007252343268467614
-2,6,0.0009265110016337799
-2,7,0.0047686709539884065
-2,8,0.01804359387315114
-2,9,-0.001792415814686055
-1,-10,-0.007775952960428269
-1,-9,-0.0001086850087918806
-1,-8,-0.012746802015487174
-1,-7,0.012694981324851723
-1,-6,0.012361086170866443
-1,-5,0.01069186125305419
-1,-4,-0.01986393945986209
-1,-3,-0.012972045001460743
-1,-2,-0.005027997116315761
-1,-1,0.010925522296656338
-1,0,0.0036559406222798417
-1,1,-0.004811062704217872
-1,2,0.003944543739353794
-1,3,0.0021278896255546107
-1,4,-0.007216860294915695
-1,5,-0.006369285939830285
-1,6,-0.0005529985386322433
-1,7,-0.0003396030351844211
-1,8,-0.0051438396128076535
-1,9,0.0034985634708276595
0,-10,0.31073720406447636
0,-9,-1.68309573117696
0,-8,-4.580862379729974
0,-7,0.0360474268882973
0,-6,-14.765497330179075
0,-5,-21.627951012613384
0,-4,-9.214695191557693
0,-3,-12.235985895691227
0,-2,-195.50642435443146
0,-1,43.11677829737102
0,0,494.14514491739
0,1,-186.01982765350263
0,2,-74.04049153389231
0,3,51.77323660951517
0,4,-35.82213895838651
0,5,6.798718323166166
0,6,-4.15779757434753
0,7,-3.1735097737327718
0,8,2.842141598557146
0,9,-0.3667907819585185
1,-10,-0.00542043269854627
1,-9,-0.006281941759207656
1,-8,-0.012021324040206435
1,-7,0.013600895916096603
1,-6,0.008983099344850804
1,-5,0.003365042172040578
1,-4,0.005983478161633043
1,-3,-0.006214657181814529
1,-2,0.0074367268024870216
1,-1,-0.0030243428562500563
1,0,0.000813899471159972
1,1,-0.0032934359523769242
1,2,-0.004320075816639976
1,3,0.010951028027064763
1,4,0.0016722439322535043
1,5,-0.007349011849779268
1,6,-0.0025843883386377415
1,7,-0.007597007818616923
1,8,-0.0009132872180423341
1,9,-0.002166734068092781
2,-10,-0.006441100172144865
2,-9,-0.014414353213145627
2,-8,0.007460399978806663
2,-7,0.010479192931097805
2,-6,0.015003930437963433
2,-5,0.009628478389765155
2,-4,-0.002338376612450015
2,-3,0.007485213908893837
2,-2,-0.0064334496571486184
2,-1,-0.012967640956140421
2,0,-0.015335175701331381
2,1,0.011512701873983289
2,2,0.0036422495900373876
2,3,-0.00350382549949818
2,4,-0.010806111039063399
2,5,-0.015313095333290297
2,6,0.012814850781087683
2,7,0.012549864560773796
2,8,0.005445070032760713
2,9,-0.0024674467463728584
3,-10,-0.007897029903274714
3,-9,-0.009189432962017761
3,-8,0.003617587839682548
3,-7,0.01738321337877667
3,-6,0.003303619035837073
3,-5,-0.01148964445471856
3,-4,-0.0056440049491496
3,-3,-0.0032408237689632567
3,-2,0.00048386307783406966
3,-1,-0.003218282842221234
3,0,-0.0011102253622354815
3,1,-0.0016088752599350267
3,2,0.009602708617795552
3,3,0.00026906103543868873
3,4,-0.011468679626399737
3,5,-0.0019093140966893283
3,6,0.0050392702637222266
3,7,-0.0003031344303756128
3,8,-0.005931685992321899
3,9,-0.00026282788344898235
4,-10,-0.0022741206048660562
4,-9,-0.004005319490722984
4,-8,-0.007582939152188111
4,-7,0.0054937833832616415
4,-6,0.007328378624743542
4,-5,0.016105134693363235
4,-4,0.007148578286108268
4,-3,0.0013921539626854651
4,-2,-0.005921059020712468
4,-1,0.004455414618919153
4,0,-0.001592799334375057
4,1,-0.0005408455714582318
4,2,-0.00011320393709674232
4,3,0.005819388023908349
4,4,-0.003995662096502267
4,5,1.3261886765227524e-05
4,6,0.008584627464375742
4,7,0.00693047018670575
4,8,0.015838369431452864
4,9,0.01790804633698333
5,-10,0.005803752668323579
5,-9,0.0048016818433822646
5,-8,-0.0031452695508764517
5,-7,-0.0036361765206755154
5,-6,-0.004457103975255385
5,-5,0.0008593571826125008
5,-4,-0.000523704108543262
5,-3,0.00011951534608932768
5,-2,0.0066066512854781115
5,-1,0.015324242196048783
5,0,0.00476313063485176
5,1,-0.004719919985581335
5,2,-0.014913901659874242
5,3,-0.0050382568743179874
5,4,0.00025497556103783723
5,5,-0.009171950935920006
5,6,-0.008373991117681117
5,7,-0.0028952479157414897
5,8,0.001667399759806727
5,9,0.000648533314777381
6,-10,-0.006018363747317236
6,-9,0.00614590408543301
6,-8,-0.000500349814906948
6,-7,0.00265915781334756
6,-6,0.010314624287712685
6,-5,0.010133855100105189
6,-4,0.006942585960794184
6,-3,-0.009291309687337483
6,-2,-0.006656691266729508
6,-1,0.0008579035077244994
6,0,0.002300150527867706
6,1,0.0013223538368645096
6,2,-0.003790689050282791
6,3,-0.0014038023055919393
6,4,-0.0012776763375160708
6,5,0.000987151826355158
6,6,0.005449075588880562
6,7,0.002790427456765442
6,8,0.003989759360139937
6,9,-0.0006069408890576151
7,-10,-0.0008710934613792306
7,-9,0.007218447020192229
7,-8,-0.00552391350184886
7,-7,-0.01564709626808742
7,-6,-0.005579249503155007
7,-5,0.005397672987479885
7,-4,0.00935230571145851
7,-3,0.008939667218684232
7,-2,-0.0030490387947569773
7,-1,-0.004986174155907994
7,0,-0.0026299336319467546
7,1,0.0070742382806393165
7,2,-0.004116416388329551
7,3,-7.780958678367955e-05
7,4,0.0038032051436008942
7,5,0.0008765889034733782
7,6,-0.0035336180813771486
7,7,-0.002596139941799777
7,8,-0.004092913504209927
7,9,-0.0011443420901006618
8,-10,-0.00012160784040136462
8,-9,-0.0006940071765564104
8,-8,0.001053781097601572
8,-7,0.004855246693019197
8,-6,4.079045067419161e-05
8,-5,0.00997117828877702
8,-4,0.0020018791393975974
8,-3,-0.0007912301419445524
8,-2,0.00035651782149214334
8,-1,-0.00475031290865616
8,0,-0.0024245606275876555
8,1,-0.004778749343345858
8,2,-0.003011453058048911
8,3,0.0015880681852675025
8,4,0.011563909195966662
8,5,0.0009934256019439066
8,6,-0.011382873238240328
8,7,-0.013974063269827022
8,8,-0.00183334588872991
8,9,-0.00552501360955625
9,-10,0.0047028162111743465
9,-9,-0.0011369128218098332
9,-8,-0.005023434780403731
9,-7,-0.002378082465159137
9,-6,0.00040646411115866733
9,-5,0.006378609003878695
9,-4,0.008897560655776626
9,-3,-0.001875716991164957
9,-2,-0.00831838900693823
9,-1,0.003712913902365661
9,0,0.006614625285007684
9,1,0.001944712594773782
9,2,0.0020042104695787676
9,3,0.002904206525267056
9,4,0.0022795982967299603
9,5,-0.001992576285995979
9,6,-0.00120166254051655
9,7,-0.009587382809642454
9,8,-0.0025420578058497987
9,9,0.006481475901502495
