n1,n2,coeff
-10,-10,0.0009858513903357098
-10,-9,0.0041479161664262935
-10,-8,0.0026924920771061065
-10,-7,-0.003301932316280706
-10,-6,-0.0046970996347656235
-10,-5,-0.004140821798469358
-10,-4,0.000886951337937082
-10,-3,-0.006460183997083709
-10,-2,-0.0033472099158924464
-10,-1,0.0018247187522210256
-10,0,0.0005396296615088903
-10,1,0.00011551214196788175
-10,2,-0.0015523792898459476
-10,3,-0.004526004812679948
-10,4,-0.0024263623817075432
-10,5,0.003989403342951292
-10,6,0.0008465051284790983
-10,7,-0.0022361489778198297
-10,8,-0.0012649071075021869
-10,9,0.004684341285408041
-9,-10,0.004512305683584135
-9,-9,0.003924465211036891
-9,-8,0.0008775857747012686
-9,-7,-0.005798932723949808
-9,-6,0.000658425228003071
-9,-5,-0.0002124991773335637
-9,-4,-0.011153477886422451
-9,-3,-0.00027565495079180587
-9,-2,0.005057420243491372
-9,-1,0.002388031412035018
-9,0,-0.0005109375273413195
-9,1,-0.008965284766005416
-9,2,-0.0016193201826391408
-9,3,0.004390191704471814
-9,4,0.004752365231881954
-9,5,-0.00262696526433825
-9,6,0.0055602275335733505
-9,7,0.0009077613820858573
-9,8,-0.0003820228031694438
-9,9,-0.004863777641868605
-8,-10,-0.0006085547889766227
-8,-9,-0.006447855487415063
-8,-8,-0.0016397904208290915
-8,-7,-0.00037173287037076016
-8,-6,0.00896501009193369
-8,-5,0.004287243355199795
-8,-4,0.004094765891853571
-8,-3,0.005639269157397395
-8,-2,0.0056374845980511025
-8,-1,0.009592985065464875
-8,0,0.004533750850795134
-8,1,-0.002226092708288042
-8,2,0.0071803192036385185
-8,3,-0.005935153379481629
-8,4,-0.0099201853362684
-8,5,-0.010360104715797867
-8,6,-0.004100253661122334
-8,7,-0.0030960912928528336
-8,8,-0.005652614237522399
-8,9,-0.001218740861465746
-7,-10,-0.0007057868964181673
-7,-9,-0.005913038508431445
-7,-8,-0.00759063677166013
-7,-7,0.0023182091422187206
-7,-6,0.005570118316647377
-7,-5,-0.00830360630258876
-7,-4,-0.00716816915046721
-7,-3,-0.0030525966118203148
-7,-2,-0.011022965495843771
-7,-1,-0.004466722799154204
-7,0,-0.005733610502271745
-7,1,0.00043842412809216717
-7,2,0.011523843194480373
-7,3,0.0073884334718083205
-7,4,0.007148793828276694
-7,5,-0.00379593971171249
-7,6,-0.004765438526610245
-7,7,0.0029335005488376003
-7,8,-0.0002254290581975542
-7,9,-0.005854276825617708
-6,-10,0.004328703871590596
-6,-9,0.007522293706117088
-6,-8,0.00027654694150733473
-6,-7,0.004456629637964999
-6,-6,0.00554637829975948
-6,-5,0.007227461834471272
-6,-4,0.012381904409335443
-6,-3,-0.004951297592588789
-6,-2,0.0019139480063017653
-6,-1,0.0019447946682362449
-6,0,-0.0077367437209779075
-6,1,0.0007132962677547759
-6,2,0.0033389882391298272
-6,3,0.005017960644505289
-6,4,0.010347324229919437
-6,5,0.011597966641263687
-6,6,0.0006285180086899763
-6,7,-0.002060613856162546
-6,8,-0.012093860874995779
-6,9,-0.007109292374200012
-5,-10,0.002958095786462364
-5,-9,0.004268009307527453
-5,-8,-0.0034024958994088514
-5,-7,-0.0006783728094492819
-5,-6,0.004982527393039172
-5,-5,-0.023934748058756453
-5,-4,0.0006210492608911401
-5,-3,-0.0034548781292691438
-5,-2,-0.011045490839772111
-5,-1,0.0032623365568661498
-5,0,-0.006684039276943262
-5,1,-0.0024584174022948273
-5,2,0.002353555620063723
-5,3,-0.009255782921167932
-5,4,0.004128877900447168
-5,5,-0.00750182234005964
-5,6,0.00018799098454217624
-5,7,0.011057704798648399
-5,8,-0.0007914191343630208
-5,9,0.0045986564777579725
-4,-10,-0.0007692054043481373
-4,-9,-0.0016417313290529466
-4,-8,0.006711831886610979
-4,-7,-0.011733905446800785
-4,-6,0.012756728620952201
-4,-5,-0.005814549169014262
-4,-4,-0.0037546077861362313
-4,-3,0.02871771460522163
-4,-2,-0.02087910544920491
-4,-1,0.002019653615525402
-4,0,-0.0036151029175556315
-4,1,-0.03127918204505991
-4,2,0.010651514192327606
-4,3,-0.0163670469331132
-4,4,0.013125681123200506
-4,5,-0.014183491651913209
-4,6,0.009645038098109269
-4,7,-0.0011646570688600125
-4,8,0.0009471947029545446
-4,9,-0.0042003581222994045
-3,-10,0.00939801754772167
-3,-9,0.009346840172038762
-3,-8,0.019638954403396323
-3,-7,-0.012379853919368269
-3,-6,-0.009880771066714825
-3,-5,0.009687456537177813
-3,-4,-0.0273072496711595
-3,-3,0.04307653263978082
-3,-2,-0.02334691674203132
-3,-1,0.019000811280039553
-3,0,-0.029101851543659456
-3,1,-0.05835426181054158
-3,2,0.011626917872790039
-3,3,0.002560010576100787
-3,4,0.009937472148011307
-3,5,-0.013759533295444918
-3,6,0.028287972801006537
-3,7,-0.014695880265276243
-3,8,-0.0010959776560844163
-3,9,0.00476690710097136
-2,-10,0.0008934510160993966
-2,-9,-0.003290592716904206
-2,-8,0.00018069153181776118
-2,-7,0.005970899966891511
-2,-6,-0.03462042538879131
-2,-5,0.04163850895529275
-2,-4,-0.03992242451602989
-2,-3,-0.03708604004560176
-2,-2,0.056035582304222016
-2,-1,0.07380688830919611
-2,0,-0.10084258861319623
-2,1,0.018179301396774695
-2,2,-0.07331988525247057
-2,3,0.060881208957254566
-2,4,-0.014821969588042617
-2,5,-0.0066216244672127195
-2,6,0.012556167750458395
-2,7,-0.012837353893844012
-2,8,0.003202261596218017
-2,9,-0.015526331670090217
-1,-10,0.007528498371937033
-1,-9,0.01063777369074433
-1,-8,-0.002678858176681226
-1,-7,0.03447502562694351
-1,-6,-0.02548146632389368
-1,-5,0.011355022985500873
-1,-4,0.045689578430108325
-1,-3,-0.10545043474675383
-1,-2,0.09882276248974739
-1,-1,-0.06917450336968024
-1,0,0.06546987587428799
-1,1,0.13241769321624997
-1,2,-0.06751095233890386
-1,3,0.06966291755426618
-1,4,-0.0494012480137393
-1,5,0.06123756602694039
-1,6,-0.0350978432846109
-1,7,0.0038131511703285675
-1,8,0.0015190922815678306
-1,9,-0.007810610551836813
0,-10,0.27807273575098335
0,-9,-1.7425070491102697
0,-8,-4.616067252726003
0,-7,0.029196368160876413
0,-6,-14.739764124500324
0,-5,-21.648233249120754
0,-4,-9.110725685701084
0,-3,-12.163038890373523
0,-2,-195.48646800865342
0,-1,42.89598494849381
0,0,494.42534546612654
0,1,-186.04603895698514
0,2,-74.00093553181306
0,3,51.732388723874806
0,4,-35.81991644625806
0,5,6.9072942623395575
0,6,-4.119582122974815
0,7,-3.0725440275839317
0,8,2.870796917265936
0,9,-0.36054366171291735
1,-10,-0.0016206046567330767
1,-9,-0.0006948604219375992
1,-8,0.0038318589519627175
1,-7,0.008330630112683583
1,-6,-0.024295259326856673
1,-5,0.05931337633764637
1,-4,-0.029105555007112767
1,-3,-0.03094538768417941
1,-2,0.048657497836539304
1,-1,0.23356822025442855
1,0,-0.2682197644511076
1,1,-0.023705389937233617
1,2,-0.10073223240505123
1,3,0.037298289817197225
1,4,0.026727187767745606
1,5,-0.033173246928512944
1,6,0.03573154719889672
1,7,-0.010567379471513793
1,8,-0.007590259594711401
1,9,-0.0016175330478730076
2,-10,0.0052072915724571504
2,-9,0.0017641633077607687
2,-8,0.0012673145149888125
2,-7,-0.02685831969697811
2,-6,0.007163633519621667
2,-5,0.0026540612038592096
2,-4,-0.05380843690789836
2,-3,0.0673260888978739
2,-2,-0.0741767238582087
2,-1,0.030931385337477184
2,0,-0.06851554520889022
2,1,-0.10109591812728955
2,2,0.045022144037053485
2,3,-0.01094108648244178
2,4,0.042149766029359804
2,5,-0.0394804996777483
2,6,0.028861428415356553
2,7,-0.0064322506345388655
2,8,-0.0013192459165098835
2,9,-0.0001133441641454292
3,-10,0.008015648728424161
3,-9,0.012800656184979256
3,-8,0.009887142483614303
3,-7,-0.003323294806942408
3,-6,0.02233993079538978
3,-5,-0.027115836886748346
3,-4,0.021091146460931243
3,-3,0.04460878024363379
3,-2,-0.04247444744573993
3,-1,0.005627776401475686
3,0,0.011080825587821936
3,1,-0.030535406352531543
3,2,0.034666672982208824
3,3,-0.03701475151404175
3,4,0.040274153060936166
3,5,-0.015947614596697992
3,6,0.004467780196300224
3,7,0.005226984951350196
3,8,-0.008021773458361288
3,9,0.00019996706029850898
4,-10,-0.009297753525334216
4,-9,-0.005232279711139857
4,-8,-0.014668158372062206
4,-7,-0.014674443997107763
4,-6,-0.00805795846201868
4,-5,-0.023721172694018168
4,-4,0.012764021003842841
4,-3,-0.018856035852515426
4,-2,-0.008833140240565864
4,-1,0.004668196334711403
4,0,-0.006134743028777747
4,1,0.017705985133564753
4,2,0.0018836342005678487
4,3,-0.01899234905801479
4,4,0.005247193354180744
4,5,-0.0024386806990053063
4,6,-0.015504651208944122
4,7,0.0004991947134247167
4,8,-0.013547634854525061
4,9,-0.00374844633491535
5,-10,-0.003559514755786657
5,-9,0.003951594249972528
5,-8,0.002373959665313178
5,-7,0.009920915531904132
5,-6,0.0002976162759016741
5,-5,0.002061411328073711
5,-4,0.00918890789429306
5,-3,-0.01013730307390195
5,-2,0.0050861117620712975
5,-1,0.006277841786502348
5,0,0.0017583856865802739
5,1,0.017395392619977555
5,2,0.0055235428799136265
5,3,-0.0032957422187009497
5,4,0.00021568720779747502
5,5,0.01116163446825098
5,6,-0.011478985914986709
5,7,-0.00021029127184135895
5,8,0.005965239856619313
5,9,0.0020510407409145503
6,-10,0.0007747345119832728
6,-9,-0.0011784213690096536
6,-8,-0.0013914603163685969
6,-7,0.010134843318737619
6,-6,0.00783793281418346
6,-5,0.011179179333724355
6,-4,-0.0037039709086572514
6,-3,-0.0013999462805986337
6,-2,-0.0014661926186998297
6,-1,-0.0008281887291650027
6,0,0.0024441385465404177
6,1,-0.001105356456030186
6,2,0.009145517454227326
6,3,0.009535503042100978
6,4,-0.0043410144119419725
6,5,-0.0012626533582527583
6,6,-0.0019485704633541861
6,7,-0.004076857145226217
6,8,0.003795469263203608
6,9,0.000750932744907405
7,-10,-0.0020736209911829903
7,-9,-0.005887472685681567
7,-8,-0.0030379060889297927
7,-7,-0.007853280908754624
7,-6,-0.013116388042168916
7,-5,-0.0009110692104037687
7,-4,0.004579868399865503
7,-3,0.0014386749049370617
7,-2,0.003635897181688454
7,-1,0.007451469435717467
7,0,0.008882749509327294
7,1,0.004221495704410256
7,2,-0.005922824131753913
7,3,-0.007598889985917591
7,4,-0.0013086726471521705
7,5,-0.000641114589928603
7,6,0.00012151451140120817
7,7,0.0016737436489031841
7,8,0.008996817481547376
7,9,0.006898521043920517
8,-10,-0.0011788612332425555
8,-9,-0.003563672815475574
8,-8,2.954837482529436e-05
8,-7,0.00284129169589211
8,-6,-0.0017390339775304603
8,-5,-0.0003748365903720837
8,-4,0.001715092677560371
8,-3,0.002569765047195521
8,-2,-0.0023986772929461115
8,-1,0.0006901194073215539
8,0,0.002752072207589174
8,1,-0.00019824500729117935
8,2,-4.7146478656341124e-05
8,3,-0.00575236240564001
8,4,-0.003100784985572897
8,5,-0.0015254060112333916
8,6,4.230561684726603e-06
8,7,-0.0030899325122076787
8,8,-0.0016488487892986885
8,9,-0.0018304600850165907
9,-10,-0.00026781688460614727
9,-9,-0.0006323498160087719
9,-8,-0.001862039641235305
9,-7,-0.002032783099711827
9,-6,-0.001567346584750271
9,-5,0.00013723971757518093
9,-4,0.002785279249302299
9,-3,0.00016947439407979418
9,-2,-0.0025007788114721576
9,-1,-0.007368508589791078
9,0,-0.0009620188730939227
9,1,0.0018769202805165636
9,2,0.004268855088403507
9,3,0.00270290763601068
9,4,-0.0010653477251284808
9,5,0.010435108915242608
9,6,0.0032168285428328617
9,7,0.00023004306934117913
9,8,0.0015903815169216642
9,9,-0.006029684895718963
