2.942068795929167209e+02
3.002057058443302253e+02
3.815742387988954647e+02
4.217088354346484493e+02
4.498580218490549214e+02
4.879228136191418344e+02
4.795736650666095784e+02
4.350441590146222666e+02
4.510790378800615485e+02
3.938977476868421377e+02
2.767593028405009932e+02
2.496374191894662999e+02
3.757346149636408654e+02
6.374614860890828822e+02
8.817917192224251721e+02
9.631575107264792450e+02
9.169703090178684306e+02
8.123523012961903760e+02
6.948981187523148719e+02
4.950045794623237043e+02
