n1,n2,coeff
-10,-10,0.0001797226031331788
-10,-9,-0.0005709704856474908
-10,-8,-7.427532555742732e-05
-10,-7,0.000818221080959664
-10,-6,-0.00015895022108013124
-10,-5,-0.0006165354732772356
-10,-4,0.0003147250534037704
-10,-3,0.000507910483747595
-10,-2,0.0006839869764570889
-10,-1,8.760267165797653e-06
-10,0,-0.0006575099589604969
-10,1,-7.180687067124189e-05
-10,2,0.0006728151574260469
-10,3,0.00048493609420635105
-10,4,-0.0010769598989719556
-10,5,0.00022213519359047876
-10,6,0.0006026422480681286
-10,7,0.0009979050262862949
-10,8,-0.0001878803008752111
-10,9,-0.00024847281510086605
-9,-10,0.0005806162860371814
-9,-9,0.0006405127058210277
-9,-8,-0.0011019273599722815
-9,-7,-0.0009315369951489388
-9,-6,0.0012886713995669684
-9,-5,0.0010285289222528864
-9,-4,-0.0002515819652230798
-9,-3,-0.0016962916789686163
-9,-2,0.0003075123926172275
-9,-1,-0.000119352893250824
-9,0,-0.00023076043581850164
-9,1,0.003006289144174614
-9,2,-0.001490800891967031
-9,3,3.951168342330339e-05
-9,4,-6.492217330736622e-06
-9,5,0.0005795160625672436
-9,6,0.00011627216733222325
-9,7,-7.811609047586505e-05
-9,8,0.0011717214186611662
-9,9,0.0002253094230481645
-8,-10,-0.00011908053296987069
-8,-9,0.000220995005523999
-8,-8,-0.00015913725482029315
-8,-7,-0.00034203822014404814
-8,-6,0.0007732810553578568
-8,-5,0.0011434884569756448
-8,-4,-0.000511572946618081
-8,-3,-0.0007976575867430853
-8,-2,0.0012613649681145716
-8,-1,0.00011303988958263942
-8,0,-0.0010504551201063084
-8,1,0.004160096805835751
-8,2,-0.0007493148990626414
-8,3,-0.0007418202059284995
-8,4,0.000216650943037227
-8,5,4.641642427701754e-06
-8,6,-0.00027263852081916776
-8,7,-0.000136790668528065
-8,8,0.0010952720706454587
-8,9,-0.0004788515151575168
-7,-10,0.00025205191026214625
-7,-9,0.00032366628994293345
-7,-8,0.0001507984657668546
-7,-7,-8.077050031917868e-06
-7,-6,-0.0006778709743804009
-7,-5,0.0005516803162141865
-7,-4,0.0010325354674918397
-7,-3,0.0010822609823153107
-7,-2,-2.604329670144721e-05
-7,-1,-0.0010252677942154018
-7,0,0.0002770524059403052
-7,1,-0.0036698548518637945
-7,2,-0.0009917001286190992
-7,3,6.577135008198761e-05
-7,4,0.0005729692853322689
-7,5,0.0008203147562746029
-7,6,-0.0003694177621428612
-7,7,4.8486191660007834e-05
-7,8,-0.0005931133465872853
-7,9,0.00024432034374484305
-6,-10,-2.2343155543222192e-05
-6,-9,0.00025818866386378297
-6,-8,0.0006396492610877419
-6,-7,0.0002250270550882877
-6,-6,-0.0008003381847469428
-6,-5,0.00033672546332641094
-6,-4,-0.0005611225316081536
-6,-3,-0.00035657713856583373
-6,-2,0.0025875101183676376
-6,-1,0.00017682158108468988
-6,0,-0.000702914206689122
-6,1,0.0033521652230270762
-6,2,-0.0024881639571499945
-6,3,0.0008697376128226426
-6,4,-0.00028327695814242765
-6,5,0.0012510081069535845
-6,6,-7.739794311532167e-05
-6,7,-0.0001753331982856773
-6,8,0.00028963796556780066
-6,9,-0.0003393866300881871
-5,-10,-0.0008046197029413376
-5,-9,-0.0005013499464242141
-5,-8,0.0009915392714132882
-5,-7,0.00031654250919152543
-5,-6,-0.0011388013458664492
-5,-5,7.654422749420258e-05
-5,-4,0.0003755668742039489
-5,-3,0.0011394446545175488
-5,-2,0.002741311792207547
-5,-1,-0.00287657698988245
-5,0,0.0002749228762363408
-5,1,0.011188765223518178
-5,2,-0.0015206107274844552
-5,3,-0.0003162619303089435
-5,4,-0.0013558544749238599
-5,5,-0.00042750527210440005
-5,6,-0.0002789929597508044
-5,7,-0.0001578518549700375
-5,8,-0.0002447724657530294
-5,9,-0.000614634735844559
-4,-10,-0.0005692462144991927
-4,-9,0.00016100619178356114
-4,-8,1.0900165239459071e-08
-4,-7,-0.000871518499292313
-4,-6,0.0007659001681904957
-4,-5,0.00034801910585808914
-4,-4,-0.004128494594538403
-4,-3,0.00032588183293565137
-4,-2,0.016390855734729065
-4,-1,-0.00848797356759429
-4,0,-0.00679523956947497
-4,1,0.034108904581642945
-4,2,-0.0019332176016264944
-4,3,-0.009425305159256629
-4,4,0.0006256909519094326
-4,5,0.0020308932393058037
-4,6,-0.0014870867242771858
-4,7,-0.0007813131531383677
-4,8,-0.0004417140340604998
-4,9,-0.00048424326484446806
-3,-10,-0.00016420547661331105
-3,-9,0.0009760166801817803
-3,-8,-0.0002276253064089339
-3,-7,-0.0012414357239497204
-3,-6,0.003890658494707747
-3,-5,-0.006005506323924866
-3,-4,0.0002468866325247288
-3,-3,0.031712674721253525
-3,-2,-0.07876324811599802
-3,-1,0.005125177070887686
-3,0,0.03984772684980432
-3,1,-0.20326666035484148
-3,2,0.07822543793016255
-3,3,0.010959048282981332
-3,4,-0.006589358682873091
-3,5,0.001214257397122405
-3,6,0.0023607715188814905
-3,7,-0.001658677398339359
-3,8,-2.340073269973618e-05
-3,9,-0.00010217115920310913
-2,-10,-1.7455207219654455e-05
-2,-9,0.000398663348852469
-2,-8,0.00024541653906629733
-2,-7,0.0003228575143280124
-2,-6,0.005243727063299039
-2,-5,-0.01639973028056615
-2,-4,0.021898058240004726
-2,-3,0.07270727550806422
-2,-2,-0.25798280180780997
-2,-1,0.04565287032317789
-2,0,0.13056465546777346
-2,1,-0.6140621514025068
-2,2,0.17936398558208302
-2,3,0.06931316209579962
-2,4,-0.017805530466217898
-2,5,-0.005773161267056899
-2,6,0.01048457365966083
-2,7,-0.0030136743376338584
-2,8,-0.001004914358849041
-2,9,0.001764374665200253
-1,-10,-9.053511425923262e-05
-1,-9,-0.0006639052808533464
-1,-8,0.00043741097617791883
-1,-7,0.002469774579621637
-1,-6,-0.00586407443685614
-1,-5,0.009670076788086294
-1,-4,-0.003932455365838488
-1,-3,-0.04689908151437607
-1,-2,0.1275342620970114
-1,-1,-0.022726367538685708
-1,0,-0.05728108501153095
-1,1,0.3574788213635916
-1,2,-0.1366428810272128
-1,3,-0.01754658196096355
-1,4,0.0095482518086196
-1,5,-0.0005914965487201693
-1,6,-0.00354622643718706
-1,7,0.001735723717052543
-1,8,-0.000243002247978623
-1,9,-0.0008751908406419746
0,-10,-0.000288301960241121
0,-9,-0.0002930627077857804
0,-8,-8.4586587056564e-06
0,-7,0.0006547621984061477
0,-6,-0.004377931056420609
0,-5,0.01158780520064942
0,-4,-0.013496455656140618
0,-3,-0.05650224560622233
0,-2,0.1843545080108751
0,-1,-0.03508293864590482
0,0,-0.0908053502634522
0,1,0.43464304905564827
0,2,-0.1349595095937234
0,3,-0.04393484591976674
0,4,0.011473109065079744
0,5,0.0033719083497825725
0,6,-0.006817713028118234
0,7,0.0015422468602661506
0,8,0.00063520944746724
0,9,-0.0010435266959483397
1,-10,-0.000606078156244264
1,-9,0.0009290974622525656
1,-8,0.002452124681144851
1,-7,-0.0037598405651927307
1,-6,0.020625320267607505
1,-5,-0.05576211807792353
1,-4,0.05318581887865024
1,-3,0.25308523430588475
1,-2,-0.7677490949908603
1,-1,0.05083397869092357
1,0,0.42440826091648925
1,1,-1.9363571369024832
1,2,0.6241492879257843
1,3,0.18365729506296574
1,4,-0.07317883358097897
1,5,-0.0053742282472479305
1,6,0.02959600160930191
1,7,-0.008242303951088598
1,8,-0.002603905238398462
1,9,0.0045837483286344325
2,-10,6.245622896650465e-05
2,-9,0.0006140987630122469
2,-8,-3.986489657398038e-05
2,-7,-0.0019870750473149528
2,-6,0.0036963727902187106
2,-5,-0.004650726897730054
2,-4,-0.003339642986029158
2,-3,0.04034114325731189
2,-2,-0.0761555203541388
2,-1,0.005335973569385909
2,0,0.036617503972471606
2,1,-0.182604832803304
2,2,0.08800282428495153
2,3,0.002832449163663623
2,4,-0.0071310435821075446
2,5,0.0014115901640962619
2,6,0.0019148932074855157
2,7,-0.001379630935438261
2,8,0.0006232867976953229
2,9,0.0007312904536801414
3,-10,0.0002788542405105788
3,-9,0.000599042127668685
3,-8,-0.0005587850417891294
3,-7,0.0006062255993203561
3,-6,-0.0023899301019688953
3,-5,0.005931462459749668
3,-4,-0.010678478004317858
3,-3,-0.027578875682272717
3,-2,0.10471719533350099
3,-1,-0.017704484468579407
3,0,-0.05471647439397437
3,1,0.25366889764216577
3,2,-0.07079195678383775
3,3,-0.03173755485648484
3,4,0.006424835209513799
3,5,0.0017874442439807228
3,6,-0.003250847999726029
3,7,0.0014567677541124787
3,8,0.00014800560484333976
3,9,0.00047980933167232056
4,-10,0.0003916758637090202
4,-9,-0.00044069143557396123
4,-8,0.0002653701340691899
4,-7,0.0005735082312230253
4,-6,-0.002491474053147242
4,-5,0.0016975265937582372
4,-4,-0.00043982511158925316
4,-3,-0.0126091434401383
4,-2,0.03705524800745339
4,-1,-0.00816385920835304
4,0,-0.01651966030586011
4,1,0.0986319452024374
4,2,-0.034536694980639236
4,3,-0.005026459066096856
4,4,0.001136982901543654
4,5,-0.0011699333718298431
4,6,-0.0005421918520492413
4,7,0.0014640873031619723
4,8,-9.223369211743347e-05
4,9,0.0005668449912550323
5,-10,-0.0002856037546217345
5,-9,0.00034695724205888797
5,-8,1.4657734520485615e-05
5,-7,-0.0008883947836146546
5,-6,0.0001998064249825872
5,-5,0.001289213481621643
5,-4,0.0011771175949961547
5,-3,-0.0029658020461238517
5,-2,-0.0008866038764879253
5,-1,0.0025946269946231213
5,0,0.0010777063928858982
5,1,0.0024220421707740326
5,2,-0.005446055332088129
5,3,0.002692247190356235
5,4,0.0009512522741072708
5,5,-0.0012319651788930412
5,6,-0.000732433221576419
5,7,-0.00016934410319115181
5,8,-9.908242323455099e-05
5,9,-0.0007279792155394958
6,-10,0.00043622814455766205
6,-9,0.0009419170431190873
6,-8,-0.00014179429258774604
6,-7,-0.0012715046971091474
6,-6,-1.6285148203869137e-05
6,-5,0.0015567248069292762
6,-4,-0.0019314503998086304
6,-3,-0.0031562301082841394
6,-2,0.007352099339983056
6,-1,0.001176975202469863
6,0,-0.003504847636262112
6,1,0.01608050709705055
6,2,-0.00686565918667346
6,3,-0.0009717791549250293
6,4,0.00160691372140246
6,5,0.0006482294156813853
6,6,-0.0022760255139698585
6,7,-0.0006754938606523811
6,8,0.0006224112382325048
6,9,0.00034162164555512375
7,-10,-0.00021800454762327607
7,-9,9.685777282201974e-05
7,-8,0.0007043284101705599
7,-7,0.0012534640462052086
7,-6,-0.0009914105112642073
7,-5,-0.0012655118287315473
7,-4,9.149447681291053e-05
7,-3,-0.001209457692580788
7,-2,0.0024633697625903533
7,-1,-0.0002438635957265029
7,0,-0.0028297199775209844
7,1,0.009593799015465792
7,2,-0.0015005596108682163
7,3,-7.508324187353249e-05
7,4,0.00016266506054150919
7,5,-9.72447053152325e-05
7,6,0.0009997188472974559
7,7,-0.00029007465641391544
7,8,-0.00043944983888588926
7,9,0.0003885097047953621
8,-10,-0.0006327566009442064
8,-9,0.0007792037709714402
8,-8,-5.6967461734687227e-05
8,-7,-0.0007415638903029853
8,-6,0.0007694793940957754
8,-5,-0.0005120494534415128
8,-4,0.0003651556645433006
8,-3,-0.0002949286599100969
8,-2,-0.0017110940395437648
8,-1,0.00030265721851140706
8,0,0.00021519460697886516
8,1,-0.003908959065932027
8,2,0.0007445462354811377
8,3,0.0008314323174920306
8,4,9.258052453745636e-05
8,5,0.0003673665392789267
8,6,-5.98611960800687e-05
8,7,-0.0009722586997042949
8,8,0.00042330674540392134
8,9,0.0006027007773432142
9,-10,0.000396392647635629
9,-9,0.00023976296774545574
9,-8,-0.0005018447109868065
9,-7,-0.00033026401917074006
9,-6,-0.00046699390465225926
9,-5,-0.0007020824263762366
9,-4,0.001833125291881308
9,-3,0.0005705803048732369
9,-2,0.0012006381313954067
9,-1,-0.0004022675512159323
9,0,-0.0005395246445900736
9,1,0.003927799079563485
9,2,-0.0007128257191948863
9,3,0.0002743248061920267
9,4,-0.00013065151322177293
9,5,0.0003866992168930059
9,6,-0.0002675134834352638
9,7,-0.0012914277224542663
9,8,-0.0011243696513806595
9,9,0.0004790226572146328
