-2.339163664778063922e-01 -2.922153067154305561e-01 -3.060525087157647817e-01 -2.628618881130019846e-01 -2.046008639088337799e-01 -1.554842883083419058e-01 -3.116208650392785287e-02 2.240354638187287140e-01 4.803189067543086610e-01 5.949796296233906823e-01 5.133628170724128248e-01 3.797174374625725823e-01 3.100500626345686905e-01 2.568959402219622712e-01 1.049345285560525087e-01 -1.783995168895649297e-01 -3.627307292842021358e-01 -3.242958977650718944e-01 -1.988775398912759895e-01 -1.684901733713053407e-01
-2.950145516562841519e-01 -3.634909252525571621e-01 -3.825686024280413600e-01 -3.405613408137755926e-01 -2.650847080526139155e-01 -2.070369790049611802e-01 -5.100710281801176804e-02 2.491220054918030224e-01 5.531316522203103547e-01 6.841200401321799740e-01 5.940027798390025149e-01 4.459901181384125501e-01 3.751134153300690333e-01 3.323040271429804626e-01 1.439772573147884149e-01 -1.923199845663837726e-01 -4.265505866021046533e-01 -3.829467624488467892e-01 -2.318759346124071308e-01 -2.106437988008934836e-01
-2.814896557852642478e-01 -3.557122696405800033e-01 -3.750043990516147008e-01 -3.322879855252236503e-01 -2.637875079122092292e-01 -2.135757261506006366e-01 -6.737232145695733199e-02 2.092958536368475508e-01 4.861512853957408176e-01 6.094913372383541361e-01 5.305807836493187102e-01 4.005802961532734519e-01 3.445755407375230006e-01 3.304200204837566268e-01 1.640774603178074831e-01 -1.537058052409884801e-01 -3.877078285629699805e-01 -3.505074981094543629e-01 -2.122331164766642075e-01 -2.047186126911654802e-01
-2.533199531868426391e-01 -3.036701058786958618e-01 -3.221810158625245668e-01 -2.979906785806906711e-01 -2.379174696277064627e-01 -1.991752943646762919e-01 -7.383010677296922286e-02 1.408305274046190436e-01 3.529488510782774480e-01 4.487308271860765418e-01 3.938716103629742449e-01 2.981164402223986376e-01 2.664464002374832829e-01 2.786080226386403735e-01 1.545134105219411746e-01 -8.864982017076541987e-02 -2.967060739761607779e-01 -2.755267981996500359e-01 -1.685626836978488530e-01 -1.911156015456748347e-01
-2.196354652081781433e-01 -2.679001630443094695e-01 -2.829567965386638462e-01 -2.683781511857457058e-01 -2.182579956240570662e-01 -1.881791997550630868e-01 -8.780733554432054722e-02 9.247023254829765671e-02 2.563371857638794826e-01 3.195019063190630559e-01 2.779215109473040513e-01 2.128754003027790997e-01 2.006728410954556618e-01 2.299067739050495163e-01 1.717626769129129427e-01 -4.328777914323490850e-02 -2.210609375655351316e-01 -2.236382742380614019e-01 -1.406858537604389892e-01 -1.463627016934462288e-01
-2.029626349465651625e-01 -2.609193632846196764e-01 -2.784323674376411595e-01 -2.526522515028919447e-01 -2.248095639435775950e-01 -1.862678809917385492e-01 -1.101110502321502593e-01 5.721106962782961797e-02 1.890501008134655159e-01 2.394088430941815060e-01 2.039083749133819012e-01 1.604401863947080287e-01 1.638150819881842024e-01 2.084784957869193212e-01 1.893621151856934859e-01 3.845414972747466468e-03 -1.639690244999232049e-01 -1.687431261782347258e-01 -1.186550580509805608e-01 -1.455714426912763926e-01
-1.536099799936848920e-01 -1.954112683254007055e-01 -2.149385117317846039e-01 -2.018348031257177488e-01 -1.841286464576650517e-01 -1.599034288167165141e-01 -9.898457047319995927e-02 8.922706859939835353e-03 6.733616260172504975e-02 8.189339063211044378e-02 5.797284574147322511e-02 4.552582397696820771e-02 6.390208116685842932e-02 1.276268919564450544e-01 1.522174365060067758e-01 5.806241975219134793e-02 -7.221689762692271031e-02 -9.519199807571110394e-02 -6.893207850538521364e-02 -1.003578804072863956e-01
-4.085595320781854056e-02 -5.622783060185535670e-02 -4.653293230372879119e-02 -5.052073869406038809e-02 -4.695265859813121251e-02 -2.308390684017817829e-02 -2.634698948439167382e-02 -4.988736406901297937e-02 -1.378805384621034913e-01 -2.100985830935974130e-01 -2.289939854601970581e-01 -1.899965037477742702e-01 -1.591193567183026292e-01 -1.136167807632121746e-01 -1.261814578641940778e-03 5.726851882615763972e-02 4.042272845518311147e-02 1.173792396302724035e-02 -1.144174675595264004e-04 -2.503485968701526371e-02
9.223285276763143470e-02 1.189939632100103090e-01 1.382756990466423586e-01 1.377508990978940362e-01 1.455405044543837401e-01 1.489411020903109728e-01 1.174045548071681044e-01 -6.575566279935850245e-02 -3.477004513640161165e-01 -5.619892492558450359e-01 -5.868766780119704096e-01 -5.019177769552057855e-01 -4.728913228185635531e-01 -4.455525649828082080e-01 -2.645966768436232019e-01 -1.529536505222085091e-02 1.158066060684587451e-01 9.937091125256941604e-02 5.864984253578536810e-02 5.422509565448367652e-02
2.101268601475211606e-01 2.839752136890258405e-01 3.335211421306440438e-01 3.305258529990237615e-01 3.303944765776952730e-01 3.455054750427489219e-01 2.762943010910856589e-01 -4.163152387616669836e-02 -5.021550678560197101e-01 -8.424959243585118385e-01 -8.770721357563329157e-01 -7.626953865268497612e-01 -7.540705635623939918e-01 -7.793824041669142888e-01 -5.505207910696889861e-01 -1.431802266579561278e-01 1.237078377246336597e-01 1.368397268611513951e-01 7.840928462230810359e-02 1.280811705384782562e-01
2.757041787485814410e-01 3.684790063587581321e-01 4.281298254885175236e-01 4.350841002520546841e-01 4.428445065762784960e-01 4.618998106836380013e-01 3.631059320204038654e-01 1.472915256686276736e-02 -4.919117715725392359e-01 -8.538759016802727198e-01 -9.162628201723216348e-01 -8.142220623610424424e-01 -8.306788792529891108e-01 -8.994850336349696773e-01 -6.996476834135820777e-01 -2.579429237485001414e-01 7.927498424189144410e-02 1.241263743751951087e-01 8.611373682076138569e-02 1.568318510655062892e-01
2.969077899704533063e-01 3.975431425664657792e-01 4.577344124535554504e-01 4.788959695705066744e-01 4.923700042630478335e-01 4.996003252259078042e-01 3.966819274441762411e-01 4.918791398136866666e-02 -4.082924416637585541e-01 -7.184738558728750446e-01 -7.675020914078792833e-01 -6.937064931201931683e-01 -7.340841663449066967e-01 -8.410166049370108032e-01 -7.147598919649099658e-01 -3.224914761497922333e-01 1.038852613898112731e-02 8.156881878162179633e-02 7.889068277883677649e-02 1.569328344071862502e-01
3.947598897278299379e-01 5.316087657581117787e-01 6.174884518354926133e-01 6.422145632593146969e-01 6.320008394549718744e-01 6.596867265720207651e-01 5.093868795454686849e-01 1.007435485265326947e-01 -3.756174991978645794e-01 -6.802652467428069727e-01 -7.180454194679216640e-01 -6.567317863102991593e-01 -7.247494506341939369e-01 -8.965222412631260740e-01 -8.479359254262727186e-01 -4.519951631614280707e-01 -5.883099833149761648e-02 6.510173733241925165e-02 8.581266921659455593e-02 2.009202205326951762e-01
5.673856295615347101e-01 7.587183744076960723e-01 8.698310547328174103e-01 8.847168893612809004e-01 8.740031444411855421e-01 8.908896019103829111e-01 6.709259749883401680e-01 1.436484979171804288e-01 -3.876378485427851572e-01 -6.630447406787070008e-01 -6.769028394233378432e-01 -6.165385653320832882e-01 -7.176835126250018515e-01 -9.935559977901773365e-01 -1.056233875757681018e+00 -6.248709648123915716e-01 -1.175411551032014557e-01 7.450966121149671384e-02 8.552349002815994028e-02 2.952590395407010959e-01
6.238934373036362224e-01 8.069318380684888936e-01 9.197798074026602988e-01 9.172162378780726044e-01 8.871233112902505713e-01 8.606787023437886264e-01 6.272068641710470960e-01 1.728733861355709056e-01 -1.266977787383270770e-01 -1.976486984779158296e-01 -1.757974648511366755e-01 -1.790541339517958130e-01 -3.328043957130521480e-01 -6.491556608850336252e-01 -9.138231833555353623e-01 -6.402756430402340992e-01 -1.749270576870625427e-01 1.110068285656146542e-01 1.315961961135610203e-01 3.533966713843909591e-01
3.694948729932598930e-01 4.720451083116616875e-01 5.204367579003504884e-01 5.022223361567352828e-01 4.658614793543160437e-01 4.262948185437741566e-01 3.234164732217056915e-01 2.854826954564964603e-01 4.888437555811862012e-01 7.347679650550665853e-01 7.307244747523600203e-01 5.299982622131507171e-01 3.114960609900376265e-01 1.970452263088547443e-02 -4.270232381326147242e-01 -5.299163693903958805e-01 -2.805119007345546756e-01 -2.507064722758918160e-02 8.516195903920362187e-02 2.205676105503255324e-01
9.941232420398203595e-02 9.210648426272680100e-02 1.056736981255242680e-01 9.067854915037922015e-02 7.481426605739703584e-02 8.257995392854929062e-02 1.027111338236768312e-01 3.893232095380105839e-01 8.876266368153898911e-01 1.240580177208233437e+00 1.161710750967574368e+00 8.521570775341510418e-01 6.296708721501937944e-01 3.183014028912957150e-01 -1.699652084230210136e-01 -4.680975292856772163e-01 -3.902807563357913456e-01 -1.199002276177115467e-01 3.720503553174787231e-02 6.600825489404790747e-02
2.238744130467901911e-02 1.908570574136101566e-02 2.353230164582304287e-02 1.937621457601082509e-02 2.122223267038268746e-02 2.390651140892336921e-02 6.283485537337397953e-02 2.883578543437806951e-01 6.581783119914617064e-01 8.806850909916350556e-01 7.960771312677219491e-01 5.831565830448625087e-01 4.037264189461070574e-01 1.948164638833320694e-01 -1.251364757315008847e-01 -3.453056847965792486e-01 -2.921497596720483148e-01 -8.794539556133765257e-02 2.363304411426910695e-02 3.858352654645028079e-02
3.294919155422398188e-02 3.489344953678055750e-02 3.258950603316870115e-02 1.761853293180025773e-02 1.579579668087837188e-02 1.624902567389846508e-02 3.311926115008188148e-02 1.148779058031161870e-01 2.544712011832870879e-01 3.771178648668389033e-01 3.376834256243982924e-01 2.390311210265754494e-01 1.636850718393619841e-01 5.533717115123752001e-02 -8.749151836821331130e-02 -1.422174808442703553e-01 -9.855102876568919146e-02 -7.620594423430358116e-03 2.547110090150923531e-02 4.220312703703563845e-02
-8.102082552368550239e-02 -1.131330806495896985e-01 -1.198767037516978440e-01 -1.027305887757900965e-01 -7.370824917054331904e-02 -5.866545802679602045e-02 -1.392364854483092024e-02 1.195372902970106010e-01 2.784039700003102524e-01 3.608650454207676939e-01 3.096354822571438792e-01 2.275886695171270291e-01 1.790652781053739540e-01 1.150820125164705998e-01 3.865579059972806819e-02 -1.107364036923911971e-01 -1.832107183086667535e-01 -1.374770755063992878e-01 -7.785627146559859213e-02 -5.386321511509527954e-02
