n1,n2,coeff
-10,-10,-0.00011523101843411024
-10,-9,-3.770512250931529e-05
-10,-8,-0.00016810383951476634
-10,-7,-0.00025258793372762606
-10,-6,-9.94345975599509e-05
-10,-5,0.0009374677582557478
-10,-4,-0.00011287243431433111
-10,-3,-0.0005933357156448402
-10,-2,0.0008986910491436592
-10,-1,-0.00014390936977850115
-10,0,-0.00044073776233632803
-10,1,0.001073946170103677
-10,2,-0.00016847482127392688
-10,3,-0.00014287010772325988
-10,4,0.0002692552361925545
-10,5,-0.00021275809728861066
-10,6,-0.00021246077924457122
-10,7,-0.00019668546902393792
-10,8,1.4718367963225018e-05
-10,9,-0.00019670275213413608
-9,-10,9.523103013972167e-05
-9,-9,-9.78743970328851e-05
-9,-8,0.00037422064348351705
-9,-7,-9.217575373524855e-05
-9,-6,-0.00011046959701504136
-9,-5,0.00011978160044650566
-9,-4,-0.00016407084899102315
-9,-3,-0.0006410626349943297
-9,-2,-0.00043247938543968363
-9,-1,0.0002666185748641912
-9,0,0.0006468683686058408
-9,1,0.000816532357009856
-9,2,-3.329507361634508e-05
-9,3,0.00035620429066467505
-9,4,0.0009700711888462148
-9,5,-0.0007333613365223898
-9,6,8.458396649734097e-06
-9,7,-3.5914737559655944e-05
-9,8,0.0003055539565335023
-9,9,0.0001832443949460999
-8,-10,0.0003291293132819915
-8,-9,-2.019803088174236e-05
-8,-8,-0.00020811614829920297
-8,-7,-0.0002513282738656485
-8,-6,0.00015087691776221218
-8,-5,0.0003844826845575482
-8,-4,-0.000318150002449068
-8,-3,0.00014373772347400356
-8,-2,-0.0020760058189726186
-8,-1,-0.0004063272192313282
-8,0,0.0007131166236002829
-8,1,-0.0018770685488632807
-8,2,0.00019385645289889738
-8,3,0.00048492139092610206
-8,4,0.000958234628998842
-8,5,-3.48747452363257e-05
-8,6,-0.0009462348066644188
-8,7,-0.00042363362069535766
-8,8,0.00021148533555418993
-8,9,0.001443225413140618
-7,-10,-6.684905094404809e-06
-7,-9,-0.000318448729840809
-7,-8,-0.0004011231205695911
-7,-7,0.000133896215415651
-7,-6,0.00029386289958979674
-7,-5,-0.0002658037046416491
-7,-4,-0.0003869059598736919
-7,-3,0.0012124178898051605
-7,-2,0.0003184158148767965
-7,-1,-0.0014707205949523391
-7,0,0.0008460491710752685
-7,1,-0.0005805608363643179
-7,2,-0.00030842151845574954
-7,3,-0.0007562025015239516
-7,4,-0.0006427924893100027
-7,5,0.0005960064086570488
-7,6,-0.00021169780653376705
-7,7,-0.0012892968601575228
-7,8,-0.0008381037756581076
-7,9,0.0008885373637372703
-6,-10,6.908634736349873e-05
-6,-9,0.00017423404857313542
-6,-8,0.0004733042643876276
-6,-7,0.0006187775119203665
-6,-6,-0.000996750146585925
-6,-5,-0.0007838963254925686
-6,-4,0.0014205775873925147
-6,-3,0.0005458197647777578
-6,-2,-0.003513121318748666
-6,-1,0.0008725409790240898
-6,0,-0.0003689658039886612
-6,1,-0.0036564611979728245
-6,2,0.000810141147417236
-6,3,0.0013553390503616928
-6,4,-0.0004271399074744381
-6,5,-0.0006063016505118139
-6,6,0.0001955464745323789
-6,7,-8.026741110640174e-05
-6,8,0.00027446712680088856
-6,9,-0.00046994063556025825
-5,-10,0.00017131282317537082
-5,-9,-5.980041502273558e-06
-5,-8,-0.00028221139044919564
-5,-7,-0.0006225507555464054
-5,-6,0.0008302213808948552
-5,-5,-0.0015840607576678677
-5,-4,-0.0006074508311958362
-5,-3,0.0011681512856339502
-5,-2,0.0020782168149663686
-5,-1,-0.014299471170762702
-5,0,0.0038454025625076697
-5,1,-0.015034000969119114
-5,2,0.002343253015599615
-5,3,-0.00015653894553808314
-5,4,-0.003503078608407424
-5,5,0.0013118453151693048
-5,6,0.0003213502006414835
-5,7,-0.0010967322678724402
-5,8,0.00046751376258873876
-5,9,9.808962204128689e-05
-4,-10,-0.00036537539153265274
-4,-9,0.0007859097583925979
-4,-8,0.0002433270522735089
-4,-7,-0.0005127166487285117
-4,-6,-0.0009189978050990843
-4,-5,-0.003764031655771222
-4,-4,-0.0015018932727585436
-4,-3,0.00711958082842864
-4,-2,0.007606847947404403
-4,-1,-0.022531340101642507
-4,0,-0.005472248140741605
-4,1,3.250672815472806e-05
-4,2,0.00448427983353628
-4,3,-0.0037123067212945205
-4,4,-0.008891932468626292
-4,5,-0.0011440477809451228
-4,6,0.0011498409095244567
-4,7,0.0007270949559780645
-4,8,0.00037758319177765703
-4,9,-0.0005637034740366329
-3,-10,-6.672872708531995e-05
-3,-9,-7.441071294522346e-05
-3,-8,9.441501824410593e-05
-3,-7,-1.2754175168440446e-05
-3,-6,0.0004275794206264775
-3,-5,0.0023121464792554797
-3,-4,-0.00022404070301285028
-3,-3,0.0035220750674413047
-3,-2,0.02066543598745845
-3,-1,0.019158783428687046
-3,0,-0.011426598962613022
-3,1,0.06314064028576066
-3,2,0.00613732462322024
-3,3,-0.007142010664576277
-3,4,0.0036448084399801953
-3,5,0.0019478286672387855
-3,6,-0.0014430628862972183
-3,7,-0.00010150950817492078
-3,8,-0.0002119236710017154
-3,9,-0.0014471794669025883
-2,-10,0.0005154572510340577
-2,-9,0.0002526608425150611
-2,-8,-0.00028487389794671746
-2,-7,-0.00086490971356437
-2,-6,-0.00043782787298805663
-2,-5,0.022048985675198945
-2,-4,0.024072463732376252
-2,-3,-0.030536965182138994
-2,-2,-0.0974705182647504
-2,-1,0.1899935458015147
-2,0,0.047660697654674705
-2,1,-0.0724629268608642
-2,2,-0.02311203223925939
-2,3,0.04467582826050955
-2,4,0.05425810032636554
-2,5,-0.006724083123259454
-2,6,-0.006254221636871407
-2,7,-0.0012900707220121134
-2,8,0.0002860155500806383
-2,9,1.7415172688931035e-05
-1,-10,0.0006236393096246782
-1,-9,-0.0002898413208127828
-1,-8,-0.0013090475580756508
-1,-7,0.0006204276529039771
-1,-6,0.0038700002053051936
-1,-5,-0.05950657103387744
-1,-4,-0.044106148016936124
-1,-3,0.0644452289228445
-1,-2,0.12284100030169298
-1,-1,-0.49848934695159736
-1,0,0.012674042096755244
-1,1,-0.14446800493941309
-1,2,0.07559931537212888
-1,3,-0.055246063388364214
-1,4,-0.13711655259243524
-1,5,0.017299630596931487
-1,6,0.018893834256547476
-1,7,0.002829793460209521
-1,8,-0.0016170909934194926
-1,9,0.0019321293887249811
0,-10,0.0006087505367620807
0,-9,-0.0005764839283511608
0,-8,-0.00011528892812141417
0,-7,0.0006426996465174205
0,-6,-0.004091026453588968
0,-5,0.0036421055983330087
0,-4,0.01442054711885775
0,-3,-0.006712107940870724
0,-2,-0.08287921049218769
0,-1,0.06982656754530224
0,0,0.012493828307320865
0,1,-0.10559033733073914
0,2,-0.015982981482382627
0,3,0.031657464011847075
0,4,0.014534621301808793
0,5,-0.010628202917681021
0,6,0.0011560024939384162
0,7,0.0007775462372376323
0,8,-0.0009361839452638995
0,9,0.0006142735413086479
1,-10,-0.00017474873663081758
1,-9,-0.0005023994406517393
1,-8,0.00014708100756815105
1,-7,0.0006973336307223361
1,-6,0.015230013926687807
1,-5,-0.016921541144444687
1,-4,-0.004234357886130171
1,-3,0.030499199782840724
1,-2,0.008547969213375863
1,-1,-0.18319689293717775
1,0,0.16314421508928711
1,1,-0.23141957713948139
1,2,0.11009431483840341
1,3,0.014563994461377044
1,4,-0.043157511670979275
1,5,0.024697124656672315
1,6,0.004901307114701291
1,7,-0.004455522700219563
1,8,-0.0021879536139071546
1,9,3.945996667495254e-05
2,-10,-0.0008191388335505946
2,-9,0.00019068306951455126
2,-8,0.0003061536100392379
2,-7,0.0017182122443582493
2,-6,-0.004083976242154975
2,-5,-0.005527312944209215
2,-4,0.005099935561555745
2,-3,0.017836566541914487
2,-2,-0.03178764893310007
2,-1,0.017452099972764964
2,0,-0.020435086587616415
2,1,-0.01242674363678737
2,2,0.009964399993501995
2,3,0.007519954069191554
2,4,-0.008624464642425682
2,5,-0.00824253955704393
2,6,0.00364685698683817
2,7,0.0015063542784020368
2,8,-0.0011405011822274373
2,9,-0.0005509060064555778
3,-10,-0.0004394408201603579
3,-9,-1.3357621693198159e-05
3,-8,0.0012642843927078145
3,-7,-0.0010859841487998246
3,-6,-0.001992071431381077
3,-5,0.0057747442387722945
3,-4,0.001651205176117649
3,-3,-0.009571077194260556
3,-2,0.006965832689835566
3,-1,0.029897235924075116
3,0,-0.021748917542991797
3,1,0.043116309058073385
3,2,-0.020380967927287337
3,3,-0.0034465733907243163
3,4,0.010654553927378858
3,5,-0.0032060003053985247
3,6,-0.0030194923147962415
3,7,0.0015386800420713054
3,8,0.0005559527945966315
3,9,-0.0012666474983377138
4,-10,0.00020813287884925423
4,-9,0.0007500495166749
4,-8,-0.0003622041236375742
4,-7,-7.415366477862694e-05
4,-6,0.0018633128500743835
4,-5,-0.012880782730639266
4,-4,-0.009636704289903463
4,-3,0.013931111416554155
4,-2,0.021769909672889387
4,-1,-0.10578544435582234
4,0,0.008144332208560836
4,1,-0.04489775890727591
4,2,0.019585316822835777
4,3,-0.008981519724714724
4,4,-0.02963412703501017
4,5,0.0053234191113362165
4,6,0.0035183636036804863
4,7,0.0011898069641109541
4,8,0.0012610122400859335
4,9,0.0014686691564177218
5,-10,9.552050616690747e-05
5,-9,-0.00042762470656343605
5,-8,0.0002893892865780475
5,-7,5.8469492259311816e-05
5,-6,-0.0005603334072277395
5,-5,0.0015863457833689737
5,-4,0.0031665027831387204
5,-3,-0.0033384694944965307
5,-2,-0.021423395385847373
5,-1,0.023082009716512166
5,0,0.006059460841018865
5,1,-0.02111403835111353
5,2,-0.0033222465169898806
5,3,0.008004897595571915
5,4,0.005574992042464987
5,5,-0.002262530765424229
5,6,-5.906627076586243e-05
5,7,-0.00023688676706182967
5,8,0.0004176695649251236
5,9,0.000609417909943103
6,-10,-0.0003478534411047747
6,-9,-0.0008559034411024654
6,-8,-0.00016091049613791255
6,-7,0.0004941567838060238
6,-6,0.00010032431473314162
6,-5,0.0018770513419175995
6,-4,2.688321817890719e-05
6,-3,-0.002190703472273571
6,-2,0.0038790109825149067
6,-1,0.0075938473711058005
6,0,-0.003907665168208654
6,1,0.016041965228318206
6,2,-0.0029992893992320715
6,3,-0.0022261295686852606
6,4,0.0031583675816395573
6,5,-3.9554342567346805e-05
6,6,-0.0006531659294717982
6,7,-0.0009275363393518672
6,8,-0.0006195063172751676
6,9,-0.0003526655874582002
7,-10,0.0002519124119592836
7,-9,0.0001292128598849287
7,-8,-0.00019346936575681602
7,-7,0.00028666976679477907
7,-6,-0.00034144612010475673
7,-5,0.000205681762465827
7,-4,-0.0007488110143172
7,-3,-0.0007513499400089329
7,-2,0.0011497092598954611
7,-1,0.0013350035534592756
7,0,-3.166384053192936e-05
7,1,0.0026184766604526706
7,2,0.0002661008004426419
7,3,-0.00034587122147970484
7,4,0.0008555677077670529
7,5,-0.0007628201390025856
7,6,-0.00034863442212374146
7,7,4.310922820672647e-05
7,8,0.0013560691531337413
7,9,0.00029355549600747823
8,-10,-6.754069277567864e-05
8,-9,-0.0003868032624608239
8,-8,0.0005508039132104212
8,-7,0.0009411947598523745
8,-6,-0.0006391939663571298
8,-5,0.00048654118941489295
8,-4,-0.0002241534987249628
8,-3,-0.00042515263823863315
8,-2,-0.0006828505589928076
8,-1,-0.0006412685491815611
8,0,-0.0007765372017170342
8,1,-0.0002937139110729099
8,2,0.0012803352277175736
8,3,0.000654979623605393
8,4,0.0007950829076488422
8,5,-0.00038941679149799314
8,6,-1.2452849558805716e-05
8,7,0.0005518207074299838
8,8,9.515223478234259e-05
8,9,-0.0004960099368938378
9,-10,-0.00016521878838035955
9,-9,0.00016017822683891378
9,-8,0.0006443376620386464
9,-7,-0.0012587366871977324
9,-6,2.0310246735435553e-05
9,-5,0.0014752129225031989
9,-4,0.00020794635202501445
9,-3,-0.00012387763005347016
9,-2,0.0011068872956241896
9,-1,0.00018569522350049612
9,0,-0.0006249654574159443
9,1,0.001721667408324399
9,2,-0.0012176902488153037
9,3,-0.0017831251421460733
9,4,0.0017263707371654366
9,5,6.319261988575236e-05
9,6,-0.0011060982809959444
9,7,-0.0001952555810881459
9,8,-0.00014191452288113274
9,9,-1.4206799991318596e-05
