-8.830411306278591610e-01 -1.256134104765061377e+00 -1.300025990425543343e+00 -1.239721459636948353e+00 -1.167819358045039779e+00 -1.108329162741501506e+00 -9.166815609859272351e-01 -5.917958785223658147e-01 -3.085632605522495853e-01 -4.028320656304510555e-02 1.815713906382750986e-01 4.077355309523272298e-01 8.102799831505357320e-01 1.495181811604512578e+00 2.347343946924836278e+00 2.963105895324940509e+00 3.032946426407339580e+00 2.741443591669043833e+00 1.913522632001508850e+00 3.572904262882174442e-01
-1.266530484051693550e+00 -1.799928171631314466e+00 -1.869672528926310529e+00 -1.785434519769911077e+00 -1.689610897295962033e+00 -1.628156537983440399e+00 -1.342231168559986365e+00 -8.836202713104154283e-01 -4.760743885900491912e-01 -8.138797687907223244e-02 2.804478453332475141e-01 6.376259976074135638e-01 1.285924317941550488e+00 2.395816089610786292e+00 3.750514575699878339e+00 4.660138221514324108e+00 4.660201461956315683e+00 4.072810050292393846e+00 2.795637049893871406e+00 5.053959972701871362e-01
-1.613353261831010022e+00 -2.313333135723580458e+00 -2.386276440945853672e+00 -2.288096270311702707e+00 -2.178890572234152057e+00 -2.093916586212350772e+00 -1.760153674960281300e+00 -1.175973633861502776e+00 -6.581889810962250342e-01 -1.290992280897881317e-01 3.666119858793737141e-01 8.719010912637935595e-01 1.777216607705630391e+00 3.315221947088410115e+00 5.182534667866571354e+00 6.384572050045062674e+00 6.287715725428176583e+00 5.393101377977349564e+00 3.661108553373491947e+00 6.603624984870407610e-01
-1.857525237084759695e+00 -2.676645215670385713e+00 -2.776544364700686440e+00 -2.665052068308273459e+00 -2.562110624480631760e+00 -2.469725032960506717e+00 -2.104690060021214837e+00 -1.429800213625118221e+00 -8.263599765375845285e-01 -1.808764597512311778e-01 4.474663540510329662e-01 1.109798164537561194e+00 2.294487592380729080e+00 4.279041229098809573e+00 6.665445977225465946e+00 8.094280584934377742e+00 7.770476725991526834e+00 6.446011530507144371e+00 4.238393632685906631e+00 7.481372731314128721e-01
-2.099030832189700213e+00 -3.039113079075467905e+00 -3.158096150718393336e+00 -3.061525654686385156e+00 -2.950178714968748839e+00 -2.868009540574439242e+00 -2.469381774317510381e+00 -1.714967534674590066e+00 -1.014896546352410223e+00 -2.272217996862847533e-01 5.534567195075101864e-01 1.389659146601832873e+00 2.883839391752100134e+00 5.388639003777397463e+00 8.341432839318612125e+00 1.000509734537276429e+01 9.391716954039615928e+00 7.509570449111842017e+00 4.697679129766129336e+00 7.669170568662960763e-01
-2.443730689992750005e+00 -3.507651486697990428e+00 -3.686687827027719688e+00 -3.581374285203586805e+00 -3.459758530168402846e+00 -3.393944986999524627e+00 -2.954431559573556410e+00 -2.067361323453006161e+00 -1.215128886493362037e+00 -2.711533802542819283e-01 7.101323584991674487e-01 1.778847277827248829e+00 3.677272065243374577e+00 6.849657514188264074e+00 1.056841529960946247e+01 1.250184540128974930e+01 1.149132046865641321e+01 8.771488605431226659e+00 5.202877664585447093e+00 6.801985023963242893e-01
-2.277554266175294995e+00 -3.298840816022749145e+00 -3.508506635506480009e+00 -3.453030253153370310e+00 -3.398730607069934795e+00 -3.391124874482741802e+00 -3.024125333551026973e+00 -2.149881911149531089e+00 -1.282128406223253192e+00 -2.248459569806094405e-01 8.741786164802359815e-01 2.092533130588521306e+00 4.295416004283682199e+00 7.930714136118891311e+00 1.206460494357369306e+01 1.391479736988131499e+01 1.212761250694514104e+01 8.529515178736303938e+00 4.453271148509151622e+00 3.287071983069606018e-01
-4.263082451051084520e-01 -7.942841562202035410e-01 -1.131931955845979498e+00 -1.363619046386230327e+00 -1.559877504547831029e+00 -1.755025259534309212e+00 -1.758339830966097361e+00 -1.361752376133568365e+00 -8.489671196520823804e-01 -9.301420866540716093e-02 7.821349690906829188e-01 1.801958125280008538e+00 3.661726875936432091e+00 6.714148890625578403e+00 9.918455289388045770e+00 1.073684859470097486e+01 8.228603198178934264e+00 4.534624241035637660e+00 1.372497512501812178e+00 -1.467157216043828427e-01
2.440724302176743077e+00 2.936422062204049777e+00 2.445310846389958659e+00 1.778048568700207888e+00 1.259776092409874204e+00 8.210415158315932382e-01 2.850540626953420587e-01 -1.233510213507593295e-01 -2.809314724131689589e-01 -1.127246212858018376e-01 2.750085530435422143e-01 8.178276046545027711e-01 1.801250694978003830e+00 3.347369009482881630e+00 4.721378943294421759e+00 4.435985467925035231e+00 2.376086875786674657e+00 -1.616774789155428493e-02 -1.409547600549826862e+00 8.906934579860352474e-02
4.170973915875307192e+00 5.193015367541218730e+00 4.676395337404084529e+00 3.816130409043966054e+00 3.116331486956335883e+00 2.656579215438668040e+00 1.793934611845235949e+00 7.338848111020785936e-01 -1.002872203167922277e-01 -5.942272838874088636e-01 -7.616358636897994083e-01 -7.540064898037580621e-01 -9.124184418617412584e-01 -1.285519335217514048e+00 -1.669100200171279802e+00 -1.699158060110051105e+00 -1.254622248582418997e+00 -1.557388422005269168e+00 -1.889695004342440532e+00 7.392708941259064082e-01
3.984283990080526916e+00 4.996797066420980649e+00 4.624717620458618228e+00 3.853580033018149997e+00 3.273131643321226303e+00 2.903943241573740952e+00 2.127745443383837642e+00 8.967225085871904922e-01 -2.366152887195227539e-01 -1.158519673089193569e+00 -1.646895401693036387e+00 -1.926108938885148447e+00 -2.785965916474523407e+00 -4.310444393462939061e+00 -5.324206213804699495e+00 -4.204875265418400510e+00 -1.847115660357453226e+00 -1.159869848929154124e+00 -1.244397642689105687e+00 1.037609468164645721e+00
3.250494625742232913e+00 4.130567375102280003e+00 3.909992353663244824e+00 3.339089653081207310e+00 2.898995278512543905e+00 2.655234747726746836e+00 2.044416388602520840e+00 8.793927677346129457e-01 -3.151396772627707565e-01 -1.423329981004224587e+00 -2.108421745882125276e+00 -2.560962500084761562e+00 -3.812998020816225964e+00 -5.918289261986763528e+00 -7.104779282505434779e+00 -5.304993341905106519e+00 -2.169237658474044483e+00 -1.059570569190688927e+00 -9.229740017016710985e-01 9.301787720223293476e-01
3.110975876744686897e+00 4.038234868622300411e+00 3.935119485920127946e+00 3.472474163771114508e+00 3.121552274214923539e+00 2.988124537578568773e+00 2.412258321339798339e+00 1.147321453767928157e+00 -2.750515247402279262e-01 -1.706375478905610699e+00 -2.705140671331202729e+00 -3.461871578183791431e+00 -5.338183194888956429e+00 -8.426638094808941659e+00 -1.019959882603848911e+01 -7.858677880539070237e+00 -3.702906178245598756e+00 -1.878574558295879493e+00 -1.171002925514734283e+00 8.419299961010641153e-01
3.209618873303267339e+00 4.260166790979030615e+00 4.265849620948856114e+00 3.927789484183875857e+00 3.652984849506005549e+00 3.608926421362315562e+00 3.061147039885848908e+00 1.657652684948512034e+00 2.437162641009258529e-02 -1.777744965521975695e+00 -3.155401851774470412e+00 -4.350110919691285716e+00 -7.033661135232931017e+00 -1.137724057089046603e+01 -1.423059542967780366e+01 -1.169768717542827297e+01 -6.294985690005596268e+00 -3.274644332145443038e+00 -1.722913440107630922e+00 7.733048422501848096e-01
2.503258283092849812e+00 3.441515499494104624e+00 3.595553948830911395e+00 3.465607471265791606e+00 3.402968290482465630e+00 3.491451053631063228e+00 3.124363391968363324e+00 1.950532067077018761e+00 5.077753661247269568e-01 -1.192305429308759157e+00 -2.683908859256022073e+00 -4.114194455511828608e+00 -7.060119161210334227e+00 -1.185004933810000516e+01 -1.549260947835686153e+01 -1.366857097791636910e+01 -8.231003143010513057e+00 -4.347139649488709345e+00 -1.983391412245456564e+00 4.932415331681792581e-01
1.151941044745016907e+00 1.665800702490576102e+00 1.901651019380218743e+00 2.004938448519023364e+00 2.124383834382057579e+00 2.323594383267545194e+00 2.250328258705346141e+00 1.606367794394536919e+00 7.445808942360342408e-01 -4.073239169394348158e-01 -1.576263939100965628e+00 -2.811631440816781957e+00 -5.205196781067626510e+00 -9.065382208430328603e+00 -1.235424471450726713e+01 -1.161929120903305801e+01 -7.457904926589854711e+00 -3.768887494133303928e+00 -1.415565912360122747e+00 1.865172945661791593e-01
1.135859763318670390e-01 2.394664281352713309e-01 4.348940191811316303e-01 5.963911598031164107e-01 7.859278425981501837e-01 1.005823405282347816e+00 1.151364356185147653e+00 9.448834727742004835e-01 5.920776246201389093e-01 -3.772740766764339643e-03 -7.196936184966702399e-01 -1.544876103769877052e+00 -3.101424188081323585e+00 -5.559383175835306723e+00 -7.837278692135644320e+00 -7.639786169004616490e+00 -4.888015991296785323e+00 -2.080592465856690332e+00 -3.363700503290389943e-01 1.633690083939945692e-01
-1.827802817632110943e-01 -2.323180580317106558e-01 -1.113270389953578271e-01 2.887353958356975170e-02 1.938279386123390180e-01 3.564262597556481782e-01 4.997124803501115653e-01 4.901689494810236858e-01 3.601575316763703793e-01 6.598208111685302524e-02 -3.289492100816920894e-01 -7.886347340083016411e-01 -1.647009616690078504e+00 -3.074128821755797603e+00 -4.461102731863661575e+00 -4.430568116438683646e+00 -2.696229655668092029e+00 -7.490328443981568718e-01 3.597893259016791134e-01 2.760979443622503804e-01
-2.250606827189570447e-01 -3.296246154818517904e-01 -2.737965423859106684e-01 -1.865932001463568302e-01 -9.899270841431530299e-02 5.778537626814378436e-03 1.107122509767121815e-01 1.547621955926012371e-01 1.397233783618997971e-01 4.526940796389162386e-02 -1.083147256073757336e-01 -3.162795399199812563e-01 -6.656877728388788107e-01 -1.259504247687510015e+00 -1.849778982229211444e+00 -1.795266106794050964e+00 -8.919293926056497401e-01 1.232640729567030941e-01 6.261069579294775700e-01 2.786531599323868180e-01
-4.867674230270062075e-01 -7.228188373041719572e-01 -7.150561224655721526e-01 -6.536796705720513412e-01 -5.911512972401643529e-01 -5.248111388302534319e-01 -3.908352945042526394e-01 -2.455228867096206913e-01 -1.170311883248918161e-01 -7.532181002460000725e-03 6.093910405584217899e-02 1.060533134737916966e-01 1.892207470528750324e-01 3.338354309438872347e-01 5.458836683551491209e-01 8.468643657345822362e-01 1.158224574418399877e+00 1.358361080495503748e+00 1.131169045765908709e+00 2.823887092078748995e-01
