n1,n2,coeff
-10,-10,-0.0004333228778783695
-10,-9,8.831074173629868e-05
-10,-8,0.0010544585196463434
-10,-7,-0.00028081334279167334
-10,-6,-0.00026974177553052743
-10,-5,0.0006092216681740013
-10,-4,-0.0003607914586734846
-10,-3,-0.0004897234477308949
-10,-2,-0.00012282417730281208
-10,-1,-0.00019191790558720974
-10,0,7.503970534576442e-05
-10,1,0.0017022217987748872
-10,2,-0.0001465023166496849
-10,3,0.0002436971220452301
-10,4,0.0004295454148564769
-10,5,-5.398239613666666e-05
-10,6,0.0001593735894944331
-10,7,0.000650567250623362
-10,8,-4.914648790363007e-05
-10,9,-0.0005139632653055614
-9,-10,-0.00012511896895919924
-9,-9,-2.3717966184345587e-05
-9,-8,-0.00047325963410770375
-9,-7,0.000558657864685973
-9,-6,-0.00083123012434604
-9,-5,-0.00011642469042953168
-9,-4,0.0006353354951896048
-9,-3,-0.0002965368650950361
-9,-2,-0.000981485882526021
-9,-1,-0.0005808596119124109
-9,0,-0.0015068618478569623
-9,1,0.002236608084940103
-9,2,0.0005945089950784498
-9,3,0.000198480268352346
-9,4,2.7587043742920184e-05
-9,5,-0.0009583221744692912
-9,6,0.00026388692402095834
-9,7,0.001024997970752247
-9,8,-0.00023879553663730765
-9,9,-0.0005750698741004798
-8,-10,0.0002500044609018468
-8,-9,0.0003622811981706118
-8,-8,-0.0004019001358332453
-8,-7,-0.0005672826424119934
-8,-6,0.0005244290815193444
-8,-5,0.00030416332884542613
-8,-4,-0.0004156611828125864
-8,-3,-0.00043555609636797683
-8,-2,0.0012618418185176574
-8,-1,-0.0006741323861046567
-8,0,-0.0012666389186426518
-8,1,-0.0024697713350341293
-8,2,-0.00042863753093355715
-8,3,-0.0011299009877835484
-8,4,0.001049782715983394
-8,5,-0.0001361202591115221
-8,6,2.3409354463726758e-05
-8,7,0.00012148551692359144
-8,8,-0.0004350358046625852
-8,9,-6.624387581702422e-05
-7,-10,0.0002629971200124453
-7,-9,0.0004474571184227257
-7,-8,-0.00018830665880126792
-7,-7,-0.001607584056170464
-7,-6,0.0009827259685410256
-7,-5,0.0005675790743548922
-7,-4,-0.0015680757187999076
-7,-3,-0.0006713229015973447
-7,-2,0.0005207469419089521
-7,-1,0.000303391856446742
-7,0,0.002220406066500357
-7,1,-0.0034786671162521567
-7,2,-0.0019156757396227569
-7,3,-0.0007433770724594956
-7,4,0.0012663546173536822
-7,5,0.0007850139806317378
-7,6,-0.0011554753188427478
-7,7,-0.00046427634130480637
-7,8,0.000923168051807226
-7,9,0.00017507911624871456
-6,-10,-0.00014634026099814604
-6,-9,0.0005848607035159588
-6,-8,-7.52566495313709e-05
-6,-7,-0.0007727779941311564
-6,-6,-0.0003027504526960376
-6,-5,-0.00022428161366424792
-6,-4,0.0012329908471035605
-6,-3,0.0011037379818943666
-6,-2,-0.003317070556219659
-6,-1,0.0024153621452023487
-6,0,0.001337911923979137
-6,1,-0.0012665345109868476
-6,2,-8.119698291345507e-06
-6,3,0.0013295834192494475
-6,4,-5.767113895066761e-06
-6,5,-0.0002369725808089169
-6,6,-0.00026426537387631805
-6,7,-0.0011881516293226044
-6,8,0.0008961291880297006
-6,9,0.00034966213448911417
-5,-10,-0.00019476029039856393
-5,-9,-0.00024422597245298656
-5,-8,0.00048069411019180966
-5,-7,0.00020263618727607701
-5,-6,-3.785412539746139e-06
-5,-5,-0.002247312344136613
-5,-4,0.0009520919387387621
-5,-3,0.0015680726217987587
-5,-2,0.0014066403800039385
-5,-1,-0.013102422472373183
-5,0,0.001320229390709167
-5,1,-0.007148154956617449
-5,2,0.0026104752064879423
-5,3,0.001164227182194381
-5,4,-0.0032825297755470066
-5,5,0.0013495835398414067
-5,6,8.112737252747483e-06
-5,7,-0.0004641552971102086
-5,8,0.0007938884753983923
-5,9,-0.00019120529348556293
-4,-10,0.000415008472492439
-4,-9,-0.0011032907131340302
-4,-8,0.0007433324752444646
-4,-7,0.0002904000229630866
-4,-6,0.000341516548458631
-4,-5,-0.0026573305084094997
-4,-4,-0.00221510395850618
-4,-3,0.003094319319921248
-4,-2,0.003924265075870388
-4,-1,-0.01633124365193899
-4,0,-0.004429024899821939
-4,1,0.0011735759800989704
-4,2,0.0035028606932923606
-4,3,-0.0016034962490353527
-4,4,-0.004684694571717446
-4,5,0.00023853399827877526
-4,6,0.0010043723767558456
-4,7,0.0008109741845208203
-4,8,0.0003587738468515667
-4,9,-0.0012347132973786394
-3,-10,0.00022282791649969665
-3,-9,-0.000915360241802056
-3,-8,-0.00011342559481513252
-3,-7,4.755070746159077e-05
-3,-6,0.0005169288222981233
-3,-5,0.0023337602772090854
-3,-4,-0.00015782814815705563
-3,-3,0.0015486115386202175
-3,-2,0.010840721279673528
-3,-1,0.016279974068894677
-3,0,-0.00693879301360008
-3,1,0.03827082151292398
-3,2,0.002398369052012787
-3,3,-0.004678499571715081
-3,4,0.0034361388998888076
-3,5,-0.00033523226973580913
-3,6,-0.0005973807094787077
-3,7,-0.0004044196035268488
-3,8,-0.00066088130412089
-3,9,-0.0003796555702431607
-2,-10,-0.00020497414745279365
-2,-9,-0.0006340698110630566
-2,-8,0.0004189608360322329
-2,-7,0.00042196650321095426
-2,-6,-0.001917451405392084
-2,-5,0.01609919047327099
-2,-4,0.014512023086465101
-2,-3,-0.020230133957175604
-2,-2,-0.05932383956832551
-2,-1,0.12693611327666868
-2,0,0.029172829917191723
-2,1,-0.04352701375779267
-2,2,-0.014691092656373235
-2,3,0.025838326784370553
-2,4,0.03440548552054716
-2,5,-0.004035701496297039
-2,6,-0.004006340005154745
-2,7,-0.0008838011913049899
-2,8,-0.0005338697851030956
-2,9,0.0005381224126762534
-1,-10,-6.120300399945824e-05
-1,-9,-8.563431181693258e-06
-1,-8,0.00042475758035809855
-1,-7,0.001608025805289243
-1,-6,0.0015284790234698805
-1,-5,-0.041052741521902095
-1,-4,-0.02839027666740907
-1,-3,0.048351211555881075
-1,-2,0.08314809455847028
-1,-1,-0.3470002261170001
-1,0,0.014652203709575677
-1,1,-0.10682432976643029
-1,2,0.05903306905910117
-1,3,-0.03377348129360671
-1,4,-0.09513118343100575
-1,5,0.012304752101157617
-1,6,0.014015716193789806
-1,7,0.001925024417360099
-1,8,-0.0005536156878884681
-1,9,0.0013101681122833957
0,-10,-0.00026945006433304244
0,-9,0.00014329871148003443
0,-8,-9.503511292984702e-05
0,-7,0.0007690870731419919
0,-6,-0.0028584451022094152
0,-5,0.0017860444681892561
0,-4,0.009937579206776398
0,-3,-0.0042632699253040505
0,-2,-0.04874921240577252
0,-1,0.04732995146747757
0,0,0.0035162421497226164
0,1,-0.052884641176838235
0,2,-0.010652197939241862
0,3,0.019160352002233354
0,4,0.009851411606901988
0,5,-0.007124795697291033
0,6,0.00030126322548794057
0,7,0.0010737252455703824
0,8,-0.0006912056941489565
0,9,-9.186643578262753e-05
1,-10,-3.3820644235447214e-05
1,-9,0.0007941874987628207
1,-8,0.00030924892591662915
1,-7,-0.0009046484290386525
1,-6,0.01016455557379163
1,-5,-0.011552437540724263
1,-4,-0.004966806639645855
1,-3,0.018484247120463537
1,-2,0.009657785551285781
1,-1,-0.1262717564970259
1,0,0.10191652873322163
1,1,-0.15748105009502833
1,2,0.07086714188900038
1,3,0.0034207745877155595
1,4,-0.027287461557377626
1,5,0.018005357473202064
1,6,0.0013045619332189458
1,7,-0.002268000344009086
1,8,0.0005681041071799541
1,9,-1.246707696844289e-05
2,-10,-0.0007603686682477339
2,-9,-0.00039856506292713754
2,-8,0.0006873603398200614
2,-7,0.0007184607687226122
2,-6,-0.0018716666351816598
2,-5,-0.0010531834893166337
2,-4,0.004338663506232261
2,-3,0.007387398484518916
2,-2,-0.021019240769514603
2,-1,0.020643686485681333
2,0,-0.01210534531494661
2,1,-0.0031050065398239343
2,2,0.0022701027547050692
2,3,0.005911623098892676
2,4,-0.00046454606778630595
2,5,-0.00549018222858598
2,6,0.0014652736427899194
2,7,-0.00026947733105170196
2,8,-0.0002326767874561434
2,9,-0.0006119649108744254
3,-10,-5.228776660290027e-06
3,-9,0.0008942856670344205
3,-8,-0.0006835435127847977
3,-7,-0.0005347600293207036
3,-6,-0.0019976290844171997
3,-5,0.0026865158292542217
3,-4,0.000977754239949429
3,-3,-0.005618477908467498
3,-2,0.004222749871072037
3,-1,0.016638676820828716
3,0,-0.014585094234801598
3,1,0.030326819467288775
3,2,-0.011864664618419058
3,3,-0.000755510528531911
3,4,0.004890028055906792
3,5,-0.0028106916959634637
3,6,-0.0004810820679950949
3,7,0.0011827128569841347
3,8,0.00019850585206678323
3,9,0.0005911893471658656
4,-10,-0.000160303519786668
4,-9,-3.870025151448826e-05
4,-8,5.023122343070237e-05
4,-7,-0.00017777401273001134
4,-6,0.001130181383900329
4,-5,-0.007710896064444441
4,-4,-0.005194122913739071
4,-3,0.009355118548895673
4,-2,0.01362283959264357
4,-1,-0.07287610064373089
4,0,0.007113307740882314
4,1,-0.029051002628774362
4,2,0.01349956392766255
4,3,-0.005994940963952862
4,4,-0.018749748684759586
4,5,0.002302802036908252
4,6,0.0035940824759596703
4,7,-0.0005333207859151979
4,8,-3.615625843590007e-05
4,9,8.07474337977061e-05
5,-10,0.0003652525497008493
5,-9,-0.0011596104342642783
5,-8,0.00017904913740132082
5,-7,-0.00020600690163755526
5,-6,8.112257019898398e-05
5,-5,0.0014091349094936623
5,-4,0.0027411193779877433
5,-3,-0.0013799592798391935
5,-2,-0.013589845152328835
5,-1,0.015722168852067692
5,0,0.0034746253922246836
5,1,-0.011930715576820452
5,2,-0.0030565343169632743
5,3,0.004547259256351325
5,4,0.0034513506507641515
5,5,-0.0009349967581982612
5,6,-0.0006719926258671114
5,7,-0.0001259464508994195
5,8,0.0007723337791392585
5,9,-0.0009406509936556947
6,-10,-3.0398902388911132e-05
6,-9,0.0010140970978596646
6,-8,0.000173844671322703
6,-7,-0.0007791756550731218
6,-6,0.00040917528451145304
6,-5,0.0017194946274932932
6,-4,-0.0018927012161258799
6,-3,-0.002168462768884078
6,-2,0.003693046351616302
6,-1,0.00545874397165112
6,0,-0.0018268191481628387
6,1,0.0062315888598670375
6,2,-0.0027608742400073716
6,3,-0.0016697255101024888
6,4,0.002604885620820125
6,5,0.0011374992491154042
6,6,-0.0014864988069832686
6,7,0.0002330113295015708
6,8,0.0012462360578670512
6,9,-0.0013515226492681169
7,-10,-0.00048621786154065105
7,-9,0.0008946617984499208
7,-8,-0.0006048131078038062
7,-7,0.0001817517435023397
7,-6,0.0004221682697037104
7,-5,0.00029769461134466926
7,-4,-0.00040018070471348926
7,-3,-0.0002746298471112359
7,-2,0.001816202670110317
7,-1,0.001291994795773235
7,0,0.00023242432803129932
7,1,0.000542047738844792
7,2,-5.8578719386742986e-05
7,3,-0.0003976639107449341
7,4,0.000954207190182037
7,5,0.0006335465069204183
7,6,-0.0004855151036195196
7,7,-0.00014527665342750664
7,8,-5.259771682307906e-05
7,9,0.00020585427921982662
8,-10,0.00045743199506522895
8,-9,-0.0005919750365862962
8,-8,0.0006386233799126963
8,-7,0.0007163854376587025
8,-6,-0.00042562457676982286
8,-5,-0.0003117264899162379
8,-4,0.0008317171195429315
8,-3,0.0003539306888827811
8,-2,-0.00035068184040746447
8,-1,-0.0005904454349935747
8,0,-0.0013735758266528318
8,1,0.0034350879440035675
8,2,0.00019484238365557834
8,3,0.0021799767450558505
8,4,0.00022846329316932777
8,5,-0.001555676656186523
8,6,0.000571536281008281
8,7,0.0007997420620500221
8,8,-0.0009548595784960425
8,9,-0.0001440021239633268
9,-10,-0.000385853663913274
9,-9,8.424880344412756e-05
9,-8,0.0006090413162550404
9,-7,0.0007912590816311364
9,-6,-0.001670791639974799
9,-5,0.0009728316279624447
9,-4,0.0003181638077236983
9,-3,-0.0015937555401259573
9,-2,-0.000950573045485413
9,-1,-0.0008072804185113202
9,0,-0.002592711452691803
9,1,0.002251896849227622
9,2,-0.0014032333633841201
9,3,-0.0007097591133560541
9,4,0.0013089889484692227
9,5,-0.0005704860865833438
9,6,-0.0005143675993950535
9,7,0.0012723615610427336
9,8,5.403469162115005e-05
9,9,-0.0013960877405932099
