-4.288100079116456687e-02 -5.614610613805127992e-02 -6.575180974972395787e-02 -5.426356842592465479e-02 -5.259686852404318186e-02 -4.337393609599925204e-02 -1.835607548422250185e-02 3.454094231176246116e-02 8.688504526562385033e-02 1.220026063335727384e-01 1.105812755013972637e-01 9.235759263356393967e-02 8.906964881951866253e-02 8.516669911079144395e-02 5.793746124092284677e-02 -3.540897148465622229e-02 -7.984529747690288781e-02 -4.386832793967780642e-02 -3.527404692760457289e-02 -2.823941773711298453e-02
-6.167762490228922284e-02 -6.921219012703859474e-02 -8.480011801906126023e-02 -6.740249016936922244e-02 -6.626684627366594138e-02 -5.497075944703515293e-02 -2.791692847149963505e-02 4.295995382274868379e-02 1.014870001917702602e-01 1.412830785858125715e-01 1.337269290861327065e-01 1.082969776591076461e-01 1.049610938954668310e-01 1.154514351714976822e-01 6.299624458168057162e-02 -2.670382238016519305e-02 -8.142046342548381332e-02 -6.427953602212857498e-02 -3.720519114951111733e-02 -4.160527649627677321e-02
-6.043059545523184195e-02 -8.018271681515036498e-02 -8.593737012079796789e-02 -7.769377874658441041e-02 -6.347253249243668682e-02 -5.418006227510240025e-02 -2.957183575977358203e-02 2.240755175542729141e-02 9.134249995970215863e-02 1.306965615571277772e-01 1.264785165287824475e-01 1.049620928739150028e-01 1.006585991848785167e-01 1.038437292653040800e-01 6.492622218082291785e-02 -1.471148626144124123e-02 -6.197743001670383972e-02 -6.552135224830209215e-02 -4.025998366955316904e-02 -4.249710601884485600e-02
-5.076938285639814169e-02 -6.796237960708757797e-02 -6.737848677692635790e-02 -6.829422247006264324e-02 -6.252753584707272660e-02 -6.341676196953889566e-02 -2.810262270861886569e-02 3.547379454645395447e-02 5.357723885499603850e-02 1.077788836166903852e-01 9.935189734772627290e-02 7.954309964389064125e-02 8.534914496880760537e-02 9.371280460487337038e-02 7.089604263956235386e-02 2.850092903515916848e-02 -4.804672369070605437e-02 -4.679236272601797197e-02 -3.056521781488895362e-02 -3.642595099588514379e-02
-5.210207280448637956e-02 -6.286332457099853832e-02 -7.017173358705998398e-02 -6.238992004814401110e-02 -4.562431965418058122e-02 -4.591219897482509693e-02 -3.738519141523532346e-02 9.565607312114360675e-03 5.469753435824261517e-02 7.818503659396285055e-02 7.623211362860007889e-02 6.081452923854072101e-02 7.192623819715757150e-02 8.246729505376991509e-02 7.134037811516753813e-02 4.061369507807855578e-02 -1.018584562832501941e-02 -5.020343950425663199e-02 -3.401115809006081264e-02 -3.565412186213234164e-02
-5.079919118497167041e-02 -5.846805631765832761e-02 -6.720957392509448181e-02 -5.078039812680665288e-02 -4.657200642831964971e-02 -5.139850233724498757e-02 -3.115930638884527315e-02 2.064017022066979776e-03 4.988438497942845884e-02 6.446997710287545591e-02 6.197081705194898427e-02 5.789932836593196519e-02 6.090542379702273273e-02 8.276574164705005621e-02 7.662240518546305224e-02 5.033990720856910961e-02 7.281209232021100541e-03 -2.384935329666869677e-02 -2.349023291045064174e-02 -3.408090204811016488e-02
-4.076680988607996742e-02 -3.394747148886939625e-02 -3.792338941012948772e-02 -3.923631033576480825e-02 -3.695066735798212959e-02 -3.938850307857245242e-02 -2.868476754964898595e-02 -1.028733464000919189e-02 1.713565340736887890e-02 2.982485065171768326e-02 2.763952375205226339e-02 2.771638988336251261e-02 3.216184813559077454e-02 5.774589215740739273e-02 6.758227638660556369e-02 4.409561016112503729e-02 3.277755538831347154e-02 -1.420300692736701370e-02 -5.515665993578838452e-03 -2.156987391546667451e-02
-8.720031274281680317e-03 -1.005244731477710797e-02 -4.486103878330466484e-03 -7.052386541683833103e-03 -7.066482971015107528e-03 -8.132976504872532764e-03 -1.248607440235947018e-02 -1.626695639509301988e-02 -2.435816557463661020e-02 -3.685872369849045593e-02 -4.414151945264793708e-02 -2.937980974769305309e-02 -2.730961205203176825e-02 -3.160476964533112405e-03 2.118261752467940490e-02 5.158383567541710568e-02 5.671635814116916113e-02 1.563210533659647322e-02 1.487131787870261436e-02 -2.407698793450342972e-03
3.476823581244735395e-02 4.246201619022063611e-02 5.021438731920473825e-02 4.089057032776571149e-02 3.420823004545496537e-02 2.952469376863907022e-02 1.362410394982279706e-02 -2.051847330895745919e-02 -7.418939437502022893e-02 -1.182161720994752696e-01 -1.294862593652035543e-01 -1.008518972205472430e-01 -1.056590942876054484e-01 -9.589949260828679878e-02 -4.761263932273029909e-02 3.920033600834010173e-02 8.886808238610900690e-02 4.630486486265341511e-02 3.308456807558451951e-02 3.079466159650379176e-02
6.627297496569672930e-02 7.525545940022476676e-02 8.864690323705069763e-02 8.369345069896384770e-02 8.017984277559329909e-02 7.313843494517469068e-02 4.957405625375468916e-02 -2.052069923519161260e-02 -1.151626423673258459e-01 -1.817003995769926883e-01 -1.932640128265044055e-01 -1.709354409027983579e-01 -1.728033542700860015e-01 -1.746735884144499928e-01 -1.112695138493664110e-01 7.680683850736586861e-03 6.204978044773547946e-02 6.429568192996161502e-02 3.485156566882384455e-02 4.497906724210730400e-02
7.784883005448677007e-02 1.013480010107920132e-01 1.077887841864205443e-01 1.044153141134316204e-01 9.768579340632717323e-02 9.626504357263716838e-02 6.726240079724105092e-02 -1.614071462387944855e-02 -1.144947529695904964e-01 -1.901230124911245933e-01 -2.093835045631144975e-01 -1.862588609320784405e-01 -1.906712116000138790e-01 -2.063777245559993700e-01 -1.540732160369272796e-01 -3.401666774906073054e-02 4.743270984264093965e-02 5.866114999265394786e-02 3.176973424609354224e-02 4.597541832806438522e-02
7.767912862450554456e-02 1.002012234630063892e-01 1.160505304124680725e-01 1.094278082150695885e-01 1.055468940776558562e-01 9.643174121340809812e-02 6.901897467549417131e-02 8.512470060027442498e-03 -9.659113188022985796e-02 -1.694936966241814835e-01 -1.853958642336270557e-01 -1.733837197273350728e-01 -1.742707616058925546e-01 -2.002322638173197056e-01 -1.638113131340463158e-01 -6.800148111104724336e-02 1.453062285133086516e-02 4.180222218724846672e-02 2.009151391399920106e-02 4.172609872705556472e-02
9.811265472739479077e-02 1.357339017459171793e-01 1.429696550581507908e-01 1.235127201179965634e-01 1.389793544303326300e-01 1.276013877920885720e-01 1.034780315016538138e-01 6.551394987205134794e-03 -9.186592214502367626e-02 -1.754104629336053489e-01 -1.814397501621912712e-01 -1.700497576954579926e-01 -1.861112035106848583e-01 -2.246396666457818325e-01 -2.107328334178167895e-01 -1.237818885184779893e-01 -1.917338563590900713e-02 3.733855393093998831e-02 3.639625267160255528e-02 5.959375264477451140e-02
1.315665864492505388e-01 1.723782584715463362e-01 1.901692096131494258e-01 1.679659131314782672e-01 1.824116637569178634e-01 1.858894332742255795e-01 1.299451394181336539e-01 1.770164737934889695e-02 -9.675972551805742117e-02 -1.819064817540655410e-01 -1.920028278962221113e-01 -2.012311227972723160e-01 -2.176728794935921529e-01 -2.756581124759875379e-01 -2.775512726589218215e-01 -1.927906226589335692e-01 -5.319902758206734167e-02 1.768561225291489722e-02 -1.868709707683097535e-03 6.038435889069512785e-02
1.111103506904477928e-01 1.524577142646054706e-01 1.779651667516259916e-01 1.761160238367469044e-01 1.710009015969687629e-01 1.549882572445278883e-01 1.351515513535720137e-01 3.416247839698941663e-02 -4.862178427550604976e-02 -9.690109739687323420e-02 -1.037208548107311917e-01 -1.170048739699641321e-01 -1.458794388143400955e-01 -2.318546137058210277e-01 -2.775772066587506304e-01 -2.249840589219649356e-01 -8.387028132723467477e-02 5.042381074927689347e-03 1.763432891278262152e-02 6.733980954032411925e-02
5.091952276184396470e-02 6.736810238429662145e-02 7.756425175988553022e-02 7.878764174588938352e-02 8.453161337361142502e-02 8.182162002963985770e-02 7.312403503326343757e-02 5.711017385779932481e-02 7.558462093942232285e-02 9.011543830432043600e-02 8.657105546536984775e-02 4.423622165498496822e-02 1.098634108910936068e-02 -7.533818746164303026e-02 -1.896176073558321629e-01 -2.092972041016729901e-01 -1.291863669808743786e-01 -6.718801941392771315e-02 -2.048357026685946811e-02 1.888907448070707359e-02
-1.370931220562303030e-02 -1.998395716030908903e-02 -5.876339173165243818e-03 -4.702775539643714448e-03 6.780334916336045077e-03 2.101079547205926892e-02 2.942254445550964922e-02 7.710716481107741938e-02 1.565578918908137607e-01 2.101546759673670883e-01 2.002227973554379925e-01 1.518898767166603769e-01 1.150924992166917765e-01 4.726616069695195599e-02 -8.506094466876255866e-02 -1.783368440001442679e-01 -1.495714570562470536e-01 -1.326404717375700426e-01 -5.333620113785806499e-02 -4.470461797109725674e-03
-2.430051457910545679e-02 -2.224874947846992509e-02 -1.984984543747293773e-02 -1.412079494165848631e-02 6.605149626149624167e-04 6.508592058675467806e-03 2.065582138676915619e-02 6.113491074507092921e-02 1.172630627957745586e-01 1.676535407522171672e-01 1.493509305002806153e-01 1.134539946552353129e-01 8.667212527882460493e-02 4.545961493177633900e-02 -4.951415508199558113e-02 -1.255768635618283724e-01 -1.157255791027775316e-01 -5.233472632498791660e-02 -3.019954478430525099e-02 -1.661974010878737237e-02
-6.162182288619004987e-03 -9.256616365254197176e-03 -3.592700679156845666e-03 -6.532885874859918444e-03 2.804724548083422590e-03 4.718569862378356374e-04 4.282286169451427447e-03 3.159705680806387806e-02 5.049600826926022717e-02 7.763140271400043035e-02 7.085658653288674780e-02 5.606076977402440348e-02 4.402671399277525988e-02 1.848765624044027348e-02 -1.307601970739036973e-02 -8.502683732507521075e-02 -8.195624233517476154e-02 -1.051120720881588803e-02 -1.949446530326137683e-02 -1.438561151920388905e-04
-1.994139673142053190e-02 -3.145935445876161390e-02 -3.483352448774158783e-02 -3.486856139937219434e-02 -1.447387967442918463e-02 -2.228253913042060885e-02 -1.096242337367915771e-02 2.232035169481783043e-02 5.216264936385268947e-02 7.790597175513215567e-02 6.911311076491159777e-02 5.635674079166636680e-02 5.509681542748078725e-02 4.446036419746703106e-02 2.299040140248087560e-02 -4.807490028320009212e-02 -6.669079257641889746e-02 -2.023829239628679305e-02 -2.336625564577447106e-02 -6.828296798690336282e-03
