n1,n2,coeff
-10,-10,-0.0005434911486193021
-10,-9,0.0002790369956324306
-10,-8,0.00012380565609494118
-10,-7,-0.000326439212913073
-10,-6,0.0004969137635432422
-10,-5,0.0003197866573983688
-10,-4,0.00045977833589766134
-10,-3,0.0014318738995425934
-10,-2,-0.0013380514195000012
-10,-1,7.042896157330528e-06
-10,0,0.0005884853323342902
-10,1,-0.00035342612833872094
-10,2,-3.1556461708459396e-05
-10,3,0.0020247484254847913
-10,4,0.00012308207783192236
-10,5,-0.0007445344885582101
-10,6,-0.0001142253491730111
-10,7,-0.0004757612408153583
-10,8,-5.7960081724106283e-05
-10,9,-0.0004042636849181888
-9,-10,-0.0005565212742996542
-9,-9,8.584566779001018e-05
-9,-8,0.0012893557876518618
-9,-7,-0.00019912072370810528
-9,-6,2.0115211767711002e-05
-9,-5,-0.00032101361193305976
-9,-4,-0.0012750714133609306
-9,-3,0.0015275853862921802
-9,-2,0.0011689493808433103
-9,-1,-0.0010209784685092144
-9,0,-0.0008521229629146857
-9,1,0.0013742231060718312
-9,2,0.0002132704128989673
-9,3,-4.8968118138483455e-05
-9,4,-0.000662918771530246
-9,5,-5.101669239416142e-06
-9,6,0.00010108462690035035
-9,7,-0.00021023558785272697
-9,8,0.00037885546271832664
-9,9,0.0002709403667569951
-8,-10,-0.0004769673275949682
-8,-9,-0.0008637169844887803
-8,-8,0.0007194834749056237
-8,-7,0.0006164059053650437
-8,-6,-0.00018992125995023494
-8,-5,-0.00033075629039443596
-8,-4,-0.00026554450562514255
-8,-3,-0.0007478147390206159
-8,-2,0.0024128916587926714
-8,-1,-0.00012055463269556004
-8,0,-0.0008520304546018085
-8,1,7.92192975044031e-05
-8,2,-0.0002688074746365293
-8,3,-0.0015227228031450234
-8,4,0.0002975212764129178
-8,5,0.0019113916304925236
-8,6,-0.00024265630998266744
-8,7,-0.0004825729898348148
-8,8,0.0012645027838614597
-8,9,9.402864427455567e-06
-7,-10,0.0003878809301577199
-7,-9,0.00026412103535584653
-7,-8,-0.00031745949470724855
-7,-7,0.00048568735594775315
-7,-6,-0.00030304304169727434
-7,-5,0.000524922046246146
-7,-4,0.0012631252819481932
-7,-3,-0.0018281184789396907
-7,-2,-0.0019592172336844998
-7,-1,0.001656647982838691
-7,0,0.001695367801719468
-7,1,-0.004253729721672061
-7,2,0.0007195960340165174
-7,3,0.001153883099701295
-7,4,0.0006663133017785687
-7,5,-0.000886600258412197
-7,6,-0.0005105895974101828
-7,7,0.0007228411596658449
-7,8,-0.00044086934223383647
-7,9,0.00037819277181145363
-6,-10,0.00020844546474148735
-6,-9,0.00013491919320749528
-6,-8,-0.000161397262696972
-6,-7,0.0014190373416013793
-6,-6,-0.0004509176122986891
-6,-5,-0.0020631641501733166
-6,-4,0.0003071637153068346
-6,-3,0.0005744278492272027
-6,-2,0.004741358562275777
-6,-1,-0.008810855832356034
-6,0,-0.0034219601133980105
-6,1,0.005849492576188311
-6,2,0.0010586094137784534
-6,3,-0.002011634546055729
-6,4,-0.0023851556934031347
-6,5,-0.0012783332705616998
-6,6,0.0008043829520059642
-6,7,0.0010885101291721498
-6,8,-0.0013595186169856614
-6,9,0.0001148109612907026
-5,-10,-0.0003071225163457643
-5,-9,0.0003251992005911471
-5,-8,-0.0007991990225833052
-5,-7,-0.00021072334542234435
-5,-6,0.0024227069755072494
-5,-5,-0.004692438649709968
-5,-4,-0.005240084548586888
-5,-3,0.012192041076390473
-5,-2,0.00860098159300291
-5,-1,-0.03462476797470867
-5,0,-0.00033911031187587197
-5,1,-0.0051207258113998115
-5,2,0.01764253526038973
-5,3,-0.007552937435349675
-5,4,-0.011482621206973303
-5,5,0.002887158588863897
-5,6,0.001410058029622109
-5,7,-0.0019352703978643753
-5,8,-0.00039378660136119394
-5,9,0.0011656788687036948
-4,-10,-7.490325675302791e-05
-4,-9,0.00014895791554062277
-4,-8,0.00021849397726752957
-4,-7,-0.0018520103485518016
-4,-6,0.0034312674144619452
-4,-5,0.0016348023351318772
-4,-4,-0.014006621731854846
-4,-3,-0.009028751149445641
-4,-2,0.08991384841324598
-4,-1,-0.05319736729811732
-4,0,-0.028748912672827035
-4,1,0.13774844596449895
-4,2,-0.011202193514027885
-4,3,-0.03184052125922165
-4,4,-0.004075004334991615
-4,5,0.009020406170612564
-4,6,-0.0031746359182693766
-4,7,-0.0005368469555580485
-4,8,0.0003791214633643709
-4,9,7.680160523204367e-05
-3,-10,0.000584667621542681
-3,-9,0.001082394411509161
-3,-8,-0.0009864616184640177
-3,-7,0.0005275276062086177
-3,-6,-0.004223747814058451
-3,-5,0.017108289267472397
-3,-4,0.026985231278786246
-3,-3,-0.014280297259284853
-3,-2,-0.10940906584808895
-3,-1,0.16129290166222246
-3,0,0.046440065361934596
-3,1,-0.10038808110629027
-3,2,-0.010772015892882103
-3,3,0.051311033665282314
-3,4,0.04394774252998127
-3,5,-0.01190083325582328
-3,6,-0.0038710283247777163
-3,7,0.0005306260111507543
-3,8,0.0005601519992351942
-3,9,7.692604870340188e-05
-2,-10,0.0005515673500506704
-2,-9,0.0004791061343045705
-2,-8,9.573148302828199e-05
-2,-7,0.005384365551120677
-2,-6,-0.007075667599177584
-2,-5,0.006921754678295198
-2,-4,0.06917336070290588
-2,-3,0.04738074294511422
-2,-2,-0.49225568581430085
-2,-1,0.3655580209830413
-2,0,0.18407992500749568
-2,1,-0.7363042671147908
-2,2,0.09265086998302371
-2,3,0.1714113651019698
-2,4,0.05116472442240784
-2,5,-0.033917145640394095
-2,6,0.00851563529114933
-2,7,-0.0017718922740653112
-2,8,-0.00216479076920576
-2,9,0.0021570530686779803
-1,-10,-0.0006640831216140545
-1,-9,-8.243980508159896e-05
-1,-8,-0.0004081281242204451
-1,-7,-0.012052036146183566
-1,-6,0.023286576311890902
-1,-5,-0.03660466998967449
-1,-4,-0.15354683061194785
-1,-3,-0.12537145398031432
-1,-2,0.9902928717978318
-1,-1,-0.9096537515441943
-1,0,-0.27032038953510223
-1,1,1.2330584276189236
-1,2,-0.1972027142795292
-1,3,-0.3416924132817401
-1,4,-0.14561769208906336
-1,5,0.08899939648177384
-1,6,-0.01454554493959282
-1,7,0.0016356544119148766
-1,8,0.004918485220104774
-1,9,-0.0027272951222528583
0,-10,0.00037261125465010137
0,-9,-0.0008630221492138711
0,-8,-0.0010353176304794022
0,-7,0.00233935589823683
0,-6,0.004797063971456901
0,-5,-0.03644549222012581
0,-4,-0.023972934307304513
0,-3,0.09622285957177394
0,-2,-0.028527493502653527
0,-1,-0.17102827809949406
0,0,0.001126702762346219
0,1,-0.16958803007886292
0,2,0.1299436174173731
0,3,-0.02488506148707016
0,4,-0.07420589446930353
0,5,0.006019574193548825
0,6,0.01514669808956664
0,7,-0.0019198708259406355
0,8,-0.0009560356581852588
0,9,0.0015803058911676405
1,-10,0.00029814842514810843
1,-9,0.000637575054577751
1,-8,0.004974508941075838
1,-7,0.0011715542822692386
1,-6,-0.016665508520486778
1,-5,0.07166597987833025
1,-4,0.19784997820869613
1,-3,-0.09259791948938108
1,-2,-0.8335228940489415
1,-1,0.6351356270580014
1,0,0.5956020271326097
1,1,-1.3651848182733364
1,2,0.01700794813491018
1,3,0.41808384072953847
1,4,0.1976566910669985
1,5,-0.06401547956581163
1,6,-0.013559865130521138
1,7,0.005608120234433002
1,8,-0.002793868258385683
1,9,-0.0005382277207833208
2,-10,-0.00010148690417986139
2,-9,0.0013988920481248024
2,-8,-0.0008505367297958016
2,-7,-0.005871373666565568
2,-6,0.013583766525174698
2,-5,0.015414973655273136
2,-4,-0.05062883733523315
2,-3,-0.05914420614912651
2,-2,0.30204059076334616
2,-1,-0.08057945834972419
2,0,-0.11259444887522288
2,1,0.4862889175297029
2,2,-0.0702076379027064
2,3,-0.11862302006250433
2,4,0.014406938190162895
2,5,0.03230378620970555
2,6,-0.013907934992185074
2,7,-0.002818925806921261
2,8,0.0032050906807861972
2,9,-0.00155307984660419
3,-10,4.862418175321514e-05
3,-9,-0.00043126892872339084
3,-8,-0.0010973653025504605
3,-7,0.0019483219232543276
3,-6,0.004444622445858966
3,-5,-0.01864011649894692
3,-4,-0.02715646245957022
3,-3,0.0577062718915829
3,-2,0.05560258125661413
3,-1,-0.08416459195011115
3,0,-0.06197582099382729
3,1,0.08041654645793091
3,2,0.06135433575001918
3,3,-0.047569537449466646
3,4,-0.042620607877379015
3,5,0.008729891498494994
3,6,0.0069944303515929295
3,7,-0.002799983039910142
3,8,-0.0007075120723674236
3,9,0.0002128388271236885
4,-10,-0.00017085793863888743
4,-9,-0.00019056168413785445
4,-8,0.0002960378830627406
4,-7,-0.001830467147513761
4,-6,0.0030065068253119897
4,-5,-0.009135879253339236
4,-4,-0.02115947754469007
4,-3,-0.011818903828752532
4,-2,0.1479004042938114
4,-1,-0.1734169064049979
4,0,-0.031238424186094328
4,1,0.16278981464487022
4,2,-0.019190720577147265
4,3,-0.04755362904341714
4,4,-0.03160163181687377
4,5,0.01381489208401167
4,6,-0.0013060277382249826
4,7,0.00034020279067420976
4,8,0.0007150813511119955
4,9,-0.0005533560610207859
5,-10,4.897220163634345e-05
5,-9,0.00024645482916792134
5,-8,-0.00012674580140091229
5,-7,-0.00026774825961790204
5,-6,0.00046683422508670287
5,-5,-0.003706564105393935
5,-4,0.00019546567554032588
5,-3,0.00975218371828764
5,-2,-0.020946140468164613
5,-1,-0.0032804128785296656
5,0,0.005476645293179114
5,1,-0.042632166902060196
5,2,0.014409758660139922
5,3,0.0028871201083091546
5,4,-0.0049436523270583
5,5,-0.0011537232300096209
5,6,0.0010694845415409988
5,7,-5.504717965393365e-05
5,8,-8.190422784198506e-05
5,9,0.0006831310664466489
6,-10,0.0002818095701444486
6,-9,-0.0002606933694598285
6,-8,-0.0009674073693878493
6,-7,0.00030962819936932633
6,-6,-0.001241719802229702
6,-5,-0.00046092819173999437
6,-4,0.0015772482737507513
6,-3,0.0005183612882266076
6,-2,-0.007117494648888977
6,-1,0.010922887393560116
6,0,-0.003566412354133791
6,1,-0.0036746811996670433
6,2,-0.0017615776694344689
6,3,0.0026826488263780473
6,4,0.001038579911470987
6,5,-0.002486141133371734
6,6,0.001484052102201542
6,7,0.00018422432048535202
6,8,2.0715251225054263e-05
6,9,0.0003544976523847461
7,-10,0.00018878425807536994
7,-9,-0.00037665859646094626
7,-8,-0.0002723783819019166
7,-7,0.0006585674741388613
7,-6,0.00018907544572018643
7,-5,0.0003817784730331816
7,-4,0.0005382466226180139
7,-3,-0.002980097689627252
7,-2,-0.002584105965216842
7,-1,0.0071890260731198195
7,0,0.0011334920234031289
7,1,-0.0010973808411581757
7,2,-0.0033728154182360733
7,3,0.0012365960392641106
7,4,0.0016075073848659891
7,5,-0.00032015017626496226
7,6,0.0002473033491177634
7,7,-0.0006469971875141409
7,8,-0.00030267263984087866
7,9,0.0004349438291080354
8,-10,-0.00020832615879743155
8,-9,0.0003002167949074118
8,-8,-0.0007230858766704303
8,-7,-8.175860801411383e-05
8,-6,-0.00029891908215642026
8,-5,9.14107848490999e-05
8,-4,0.001985672339160017
8,-3,-0.00031339588798749967
8,-2,-0.005081281704865699
8,-1,0.004480054668061885
8,0,0.0027307684243117656
8,1,-0.007884776073185619
8,2,0.0008118411264034426
8,3,0.0011176240431796057
8,4,0.0006789330748350183
8,5,-0.0005334681106511068
8,6,0.0003530842486566676
8,7,0.00044112385577062545
8,8,-0.00016636569154549033
8,9,-0.000907918406595313
9,-10,0.00036347555908388676
9,-9,0.00027248149430493036
9,-8,-0.0003225942718522249
9,-7,-0.0005330962741291473
9,-6,0.00020071902655818333
9,-5,-0.000374438977507618
9,-4,0.00030753566297586995
9,-3,0.0019901308199138934
9,-2,0.0013741261015755549
9,-1,-0.004284163606315474
9,0,-0.002597420239611237
9,1,0.006413480961873811
9,2,0.001107613577108362
9,3,-0.0008238847547075875
9,4,-0.0011786277568020533
9,5,-0.00027022881032482364
9,6,-0.0006249558241683582
9,7,-0.00010521004623938042
9,8,0.001035342810513552
9,9,-0.0007844848988133326
