-3.978776365586036284e-02 -5.360716876633828815e-02 -6.075240340929213140e-02 -6.709656537382210906e-02 -7.008787910200627025e-02 -6.186594212972147677e-02 -6.668191002500900577e-02 -3.785724066547199729e-02 -8.850116129290973646e-03 1.218705557250710295e-02 3.233476033981343839e-02 5.376973614067855067e-02 8.210960092671536203e-02 1.445606020055054952e-01 1.909738944926961945e-01 1.842071238972528557e-01 1.371887198551602349e-01 7.647210518743216556e-02 3.950168958906932065e-02 -5.329485156775419161e-03
-5.569321636902764550e-02 -7.550341315920419683e-02 -8.610805254889851434e-02 -9.293956151374545283e-02 -1.000103200451062241e-01 -9.120367582925480165e-02 -9.313640532447094167e-02 -6.380024757395709456e-02 -2.424597415171974787e-02 1.682203770910665336e-02 4.652749159538217133e-02 7.617914587727279974e-02 1.264618079577626286e-01 2.063576010967828889e-01 2.984383999276785659e-01 2.780877057828532450e-01 2.032325950848166696e-01 1.267275680882196942e-01 6.318331058827626745e-02 -2.110656852394919222e-03
-6.562605324466472267e-02 -9.118564808067866623e-02 -1.083965249145823206e-01 -1.121625903962328447e-01 -1.226146273785641283e-01 -1.165990373767058774e-01 -1.140613109563419908e-01 -8.384465996676417066e-02 -3.190434614872156294e-02 1.588243359438121227e-02 5.608875516647027215e-02 8.232610184130847997e-02 1.657163886361094907e-01 2.606862890659161769e-01 3.811793807599081485e-01 3.519647688510156303e-01 2.513688712172333917e-01 1.642967431254241106e-01 8.205942025437579224e-02 -6.235066317559910705e-03
-8.157423903008047261e-02 -1.089173490900843949e-01 -1.188050707683068058e-01 -1.281813285089326293e-01 -1.341721912052632470e-01 -1.347388232354511939e-01 -1.317319244565810510e-01 -9.069852152247881438e-02 -3.739663661978857856e-02 1.641020971730195593e-02 6.276080021126487218e-02 9.782000844793889427e-02 1.909986316045803600e-01 3.061799297334479864e-01 4.472874630943790564e-01 4.095126158417086160e-01 2.970839678012866525e-01 1.932659972388937608e-01 9.724259437502807968e-02 -5.072699271503598208e-03
-8.180162571719340470e-02 -1.173818468703934081e-01 -1.354721123564542329e-01 -1.401628805099837394e-01 -1.492859910701168913e-01 -1.531554432818233447e-01 -1.517698264013574438e-01 -9.597712603917180063e-02 -4.082873452237418405e-02 7.481075710386675924e-03 7.109432352532032984e-02 1.134048407162234207e-01 2.218308206323587051e-01 3.524443797929412425e-01 5.122023646080124948e-01 4.662054858082333442e-01 3.374390804923989573e-01 2.201052055457580481e-01 1.078208963063216064e-01 7.715156604763934167e-03
-8.403452278456698121e-02 -1.413996808496032487e-01 -1.494442309868250218e-01 -1.514547529768863754e-01 -1.681603422808502502e-01 -1.773463519750050066e-01 -1.711526360637873057e-01 -1.165612459472748913e-01 -5.356015069412276702e-02 7.958843719993929228e-03 8.272538173449660304e-02 1.497524930126795106e-01 2.515736888782547087e-01 4.127902280961054937e-01 6.000502709935541246e-01 5.486742225313576693e-01 3.904670942894155616e-01 2.472968148637687824e-01 1.214914150256956177e-01 6.531403051385822325e-04
-8.997025196928919166e-02 -1.333507315079475730e-01 -1.450997992334475406e-01 -1.579747804765769537e-01 -1.654007698168346030e-01 -1.817821158700477779e-01 -1.735525351559052409e-01 -1.191731640054065899e-01 -4.637213516005211922e-02 6.751607355782426705e-03 8.272407502386208700e-02 1.526234168423945825e-01 2.644858289262261852e-01 4.306549330238951812e-01 6.111475678304479908e-01 5.479453707857461220e-01 3.979943418065793326e-01 2.408904204384256231e-01 1.194309572036004741e-01 2.423405118271889681e-03
-5.358472924311911967e-02 -7.717761107403879606e-02 -8.738986232142137434e-02 -9.188261759569116283e-02 -1.032969015120168560e-01 -1.090291187852648058e-01 -1.080113120370751606e-01 -8.083470104193131445e-02 -3.435918007665197255e-02 3.397095194786678256e-03 5.233471531185841796e-02 1.058411804163264108e-01 1.919358600088851285e-01 3.126136044539489234e-01 4.291542828972025880e-01 3.760203721276952904e-01 2.696955240903257112e-01 1.535467433726537823e-01 7.680082425612973218e-02 -5.714013334799804625e-03
3.480291992049699707e-03 4.652772038042004774e-03 -3.396792880893630216e-03 1.038938626233539084e-03 -1.054361531365127953e-02 -1.153692120299050494e-02 -1.536305505042322508e-02 -3.237914424782915856e-02 -1.374428290950888490e-02 -1.671459534801973332e-02 6.598585238058752092e-03 3.102484416447148785e-02 7.054120813420006186e-02 1.174131388656664415e-01 1.686889223694243434e-01 1.344109145205491518e-01 8.885999996763395414e-02 3.799881477962353815e-02 1.619531317697570430e-02 4.090518651997134686e-03
6.678940057001062081e-02 9.254182705215334426e-02 9.395657667184072193e-02 8.833232864392559502e-02 8.064919881168020055e-02 7.288935607136931560e-02 6.702950359923919021e-02 2.293169612282118866e-02 -4.947691129413786700e-03 -3.746746550229163031e-02 -5.024627743684478148e-02 -6.189003731077531018e-02 -7.791167058333511863e-02 -1.123385030286908753e-01 -1.539004562585335467e-01 -1.600823223506718240e-01 -1.004863260031963468e-01 -8.148421830408872357e-02 -3.860733074915062568e-02 1.903601639007378513e-02
1.072663454487707141e-01 1.450314115863353126e-01 1.502642570311480963e-01 1.458924869300254890e-01 1.430530329995541861e-01 1.400437827024987036e-01 1.197462067696741100e-01 6.419355617423926075e-02 4.927412749834696008e-03 -5.570325842336629196e-02 -9.308604240368112404e-02 -1.249736090790270482e-01 -1.858514805818571036e-01 -2.883879591808666820e-01 -3.789660009327631696e-01 -3.418087738448433721e-01 -2.214661627445691228e-01 -1.469211439729218305e-01 -8.683038482244108403e-02 2.458895454723711294e-02
1.210681310438472547e-01 1.703223874157947793e-01 1.937331886648860080e-01 1.895300130115035175e-01 1.866448507325204065e-01 1.823549864873377779e-01 1.556082835244582130e-01 9.013167089120596720e-02 1.303009260900074573e-02 -6.790738703430909684e-02 -1.242002707238233639e-01 -1.624063411568137660e-01 -2.676467285707853638e-01 -4.057899658868426296e-01 -5.373367376181610311e-01 -4.701851543586216819e-01 -2.977946440170302078e-01 -1.903285989334067840e-01 -1.044639894142540409e-01 3.172898489706101055e-02
1.654334515870153344e-01 2.278989948262517551e-01 2.419159026703865956e-01 2.565551334187076149e-01 2.433885192732620217e-01 2.654174250040167715e-01 2.280945487404331673e-01 1.362977962885866534e-01 3.165250245293082382e-02 -7.128667049724712879e-02 -1.839337330819406369e-01 -2.482164988390105909e-01 -4.007557659560275209e-01 -6.143557380053560335e-01 -8.044133910100683682e-01 -6.944183033146803519e-01 -4.404136419947455305e-01 -2.468733295755748125e-01 -1.372663632176664428e-01 2.146931500025811915e-02
2.084398794671785682e-01 2.956717218414495751e-01 3.256706874576327793e-01 3.287461885633202741e-01 3.383133721849604370e-01 3.657965443714391585e-01 3.363125770379372659e-01 2.070553559224325990e-01 6.361479522439812684e-02 -9.821087188248665834e-02 -2.247674125341328488e-01 -3.472573072998181853e-01 -5.818448701081825325e-01 -8.832041493979244651e-01 -1.167549165347297357e+00 -1.009122490162398744e+00 -6.497667816755823278e-01 -3.716149963031871728e-01 -1.898476861206108424e-01 3.873791056036741953e-02
2.251857631115370406e-01 3.006559303476308287e-01 3.254912057208744769e-01 3.312480366165957424e-01 3.558724381807609194e-01 3.798722680672497187e-01 3.453727494085280236e-01 2.486815407634873631e-01 8.933492819313922084e-02 -8.388653217806313345e-02 -2.413596560528803447e-01 -3.760594833669287373e-01 -6.437378564342794984e-01 -1.041738369708654632e+00 -1.308913260185769811e+00 -1.154194148869763348e+00 -7.107619143297371211e-01 -4.275647438115132148e-01 -2.226743280712367712e-01 5.031104219681143547e-02
1.584822103218336553e-01 2.055445461465374712e-01 2.524719795553678203e-01 2.447123299967876031e-01 2.875386025529839684e-01 3.059229752978290251e-01 2.755695294964741748e-01 1.926115396235046351e-01 1.039089566401578402e-01 -4.812335692165405771e-02 -1.645219786322332789e-01 -2.827394046419369755e-01 -4.999634831196977935e-01 -8.171627532663405802e-01 -1.072752599908341375e+00 -9.411579380180382648e-01 -6.523591095282095242e-01 -3.657180367460364234e-01 -1.739982668493650353e-01 1.855625003951807961e-02
6.990021927090372955e-02 9.616352004340925075e-02 1.229772805495760180e-01 1.328867743980851335e-01 1.400728700976393015e-01 1.734567593074030634e-01 1.842104676703544275e-01 1.363803944810688396e-01 7.943519701763446239e-02 -1.695559021098386404e-03 -7.867895319823470235e-02 -1.643954399464701843e-01 -3.048769744013810623e-01 -5.194512094825812776e-01 -6.772319755569811139e-01 -5.868909993777463585e-01 -4.030905253399260646e-01 -2.049989574076629129e-01 -1.171615242769880327e-01 7.669791400610056868e-03
3.473953897518508582e-02 5.347466834798127872e-02 5.426870383043046198e-02 5.920730336994326631e-02 7.614700809170805995e-02 1.021806896935256725e-01 9.099351564877568299e-02 7.396618629394802191e-02 5.108729603231831201e-02 1.831796794645943957e-02 -3.317042623168164200e-02 -9.198209628424720841e-02 -1.707322642988737815e-01 -2.543713000175140682e-01 -3.773408150584202092e-01 -3.190555667652500982e-01 -2.226758435896459554e-01 -1.577388138279860463e-01 -5.435433530841373567e-02 6.741034807916714347e-03
9.105272360334948703e-03 1.140421693212440545e-02 2.314310073711510138e-02 2.983049911419157971e-02 3.583882684249924816e-02 4.373275562150278489e-02 3.788252277163020598e-02 3.593107335296542165e-02 2.711079728787777962e-02 4.856180733113602682e-03 -1.448382564732554785e-02 -3.562235936796837726e-02 -7.838405347666840828e-02 -9.699031702482649453e-02 -1.764999561176778531e-01 -1.385765169954881193e-01 -9.059605563545515550e-02 -7.926388212375062858e-02 -2.679541611849113950e-02 2.330247078868118160e-02
-1.862641881151226239e-02 -2.112439635364657051e-02 -2.450871402009915587e-02 -2.315221181980807105e-02 -1.972384634989313504e-02 -1.880864892123330218e-02 -2.726296226910932680e-02 -8.541255175521872411e-03 6.706018894069763758e-03 6.600327539126829568e-03 1.077970333337601241e-02 1.812959544238360726e-02 1.469517748562980744e-02 4.268247286640563382e-02 3.302664902944445202e-02 3.763598950977830454e-02 5.221239880793537846e-02 4.622854635045551761e-03 1.365184946930378916e-02 -7.121198251479545979e-03
