n1,n2,coeff
-10,-10,-0.0028750373849665764
-10,-9,-0.0017196383213028063
-10,-8,0.007438880498083292
-10,-7,0.004772895682579242
-10,-6,-0.012108112718825625
-10,-5,-0.009765998344933111
-10,-4,0.00987909193754746
-10,-3,0.00634468819559928
-10,-2,-0.004932443257894876
-10,-1,-0.0029812388624609375
-10,0,0.005805629440782851
-10,1,-0.012068696003810345
-10,2,0.003859487882401806
-10,3,0.006120461476359117
-10,4,-0.009909516076332626
-10,5,-0.011749500603495545
-10,6,0.007387310777910295
-10,7,0.011038364279099606
-10,8,-0.0030128169072181914
-10,9,-0.0071134107522898594
-9,-10,0.0038263007459531854
-9,-9,-0.0005059077230843931
-9,-8,-0.010373828734623319
-9,-7,0.0026556844112880728
-9,-6,0.015360720407082529
-9,-5,-0.00477945595298761
-9,-4,-0.026893101791194734
-9,-3,-0.00040153279700867793
-9,-2,0.012589728078672787
-9,-1,0.00739553915024839
-9,0,-0.0063097879361379795
-9,1,0.016717163176827303
-9,2,-0.005711203785152859
-9,3,-0.02659035706257247
-9,4,-0.004298932208139634
-9,5,0.020038786663740094
-9,6,0.0045887619290696695
-9,7,-0.013298604675728529
-9,8,-0.0010512484166336567
-9,9,0.007637582518939976
-8,-10,0.000638082119693424
-8,-9,0.005345245604642331
-8,-8,-0.0014278026970255425
-8,-7,-0.017742737407881928
-8,-6,0.0002299109739937171
-8,-5,0.03445206177570784
-8,-4,0.004329415624871637
-8,-3,-0.0424879305063717
-8,-2,0.0035802885560997635
-8,-1,-0.005157668273688345
-8,0,0.0003017326275271709
-8,1,0.0057808697090789484
-8,2,-0.04048996038444356
-8,3,0.006179710529425802
-8,4,0.04169822890354036
-8,5,-0.00031711380705552945
-8,6,-0.028886421302087295
-8,7,-0.0019255297606443854
-8,8,0.011815183239368886
-8,9,0.0007176694378950873
-7,-10,-0.005745359406148405
-7,-9,-0.0041894451928527875
-7,-8,0.016119425440926472
-7,-7,0.016363590549813806
-7,-6,-0.032829252260028925
-7,-5,-0.03664385976437061
-7,-4,0.04338889799701552
-7,-3,0.047606112373693193
-7,-2,-0.05458020534433775
-7,-1,0.0017033767331333073
-7,0,-0.014412980695129328
-7,1,-0.09317948107779578
-7,2,0.043099552512375267
-7,3,0.04753921988282385
-7,4,-0.043030989755733204
-7,5,-0.0443037614711979
-7,6,0.026355013107714167
-7,7,0.022197157653378066
-7,8,-0.010344154611141881
-7,9,-0.011816992502264355
-6,-10,0.006774564098557581
-6,-9,-0.0010100900017867346
-6,-8,-0.022759291419325357
-6,-7,0.00730534850043724
-6,-6,0.05101073390525727
-6,-5,-0.011518472961138695
-6,-4,-0.09388692934026985
-6,-3,-0.006551494798690103
-6,-2,0.08430864013360902
-6,-1,-0.025931590596215914
-6,0,0.02427170822895428
-6,1,0.09485246235415161
-6,2,-0.007293238866868161
-6,3,-0.09335698991838737
-6,4,-0.018912757375709757
-6,5,0.07643064298252407
-6,6,0.012674557075309173
-6,7,-0.03515721507542967
-6,8,-0.0036218826977881943
-6,9,0.01808787385334771
-5,-10,0.0003020058977742434
-5,-9,0.011247992033670582
-5,-8,0.009112639197319966
-5,-7,-0.03210154937583956
-5,-6,-0.00357214226828815
-5,-5,0.10638299735271142
-5,-4,0.10084513434927804
-5,-3,-0.1036791140292169
-5,-2,-0.154974926655657
-5,-1,-0.0354312903123844
-5,0,0.027770139291834854
-5,1,-0.2034755324226141
-5,2,-0.044512695261786306
-5,3,0.14433634706971057
-5,4,0.14960457153191503
-5,5,-0.030546750610599145
-5,6,-0.0662310696170113
-5,7,0.010124770814847792
-5,8,0.01939153339019887
-5,9,-0.0034729163582664225
-4,-10,-0.0049630984556906085
-4,-9,-0.0019235668099358114
-4,-8,0.024234772786415885
-4,-7,0.04076404582281925
-4,-6,-0.04087067040765026
-4,-5,-0.052908067550412254
-4,-4,0.14138922427080527
-4,-3,0.30096064090043834
-4,-2,0.06562354898787767
-4,-1,-0.2631926884472403
-4,0,-0.3446202780011599
-4,1,0.3722622589958452
-4,2,0.3950494199749368
-4,3,0.16323733780772878
-4,4,-0.1568827574514627
-4,5,-0.09280557090342713
-4,6,0.06229816888735816
-4,7,0.03396790061737311
-4,8,-0.018888370414635237
-4,9,-0.01378572943605683
-3,-10,-0.0012581526101053352
-3,-9,-0.0072104895038112155
-3,-8,-0.0019759097857842585
-3,-7,0.011747190820435457
-3,-6,0.05915422515986239
-3,-5,0.006902496246663051
-3,-4,-0.019583571325145887
-3,-3,0.047180577319772134
-3,-2,0.3586358256833141
-3,-1,0.156588977261302
-3,0,0.7120371095637773
-3,1,0.4996980748248688
-3,2,0.27870038974387723
-3,3,0.00910475567019912
-3,4,0.02473548091911005
-3,5,0.1418704335156689
-3,6,0.007554953806887
-3,7,-0.024555985839622294
-3,8,-0.0056332526281601195
-3,9,0.0010282183459616406
-2,-10,0.0016840387847267947
-2,-9,-0.010252696499278584
-2,-8,-0.029107102263244443
-2,-7,-0.008185291317262021
-2,-6,-0.08917435752008102
-2,-5,-0.014160284054970338
-2,-4,0.07953421531965925
-2,-3,-0.16538782754373038
-2,-2,-1.5153902084529527
-2,-1,1.884381462060179
-2,0,0.5340759161260225
-2,1,-2.058106756947569
-2,2,-0.4179226522753343
-2,3,0.21803732306973295
-2,4,0.27888107055774813
-2,5,-0.1622302247089176
-2,6,0.000973957668321499
-2,7,-0.007533567717157794
-2,8,0.0008521380701330164
-2,9,0.014075846669052513
-1,-10,-0.0019561453480999914
-1,-9,0.004374924242494452
-1,-8,-0.02437784565321278
-1,-7,-0.12484004207337981
-1,-6,0.005019977949063075
-1,-5,-0.3612646146278625
-1,-4,-0.9555161048379786
-1,-3,-0.6616164309110302
-1,-2,2.3316925597223173
-1,-1,-3.685850380399873
-1,0,-1.2641939367324728
-1,1,1.3349907787216033
-1,2,-1.5193321094260321
-1,3,-1.575954469132285
-1,4,-0.9191294875592549
-1,5,0.23266730948846756
-1,6,-0.024991498603364304
-1,7,0.02459243602736607
-1,8,0.04308061268923426
-1,9,0.0035505268271154985
0,-10,0.0013431544664087572
0,-9,-0.0004619421695929019
0,-8,0.010890729930562556
0,-7,0.01964113116138367
0,-6,-0.12967951962019797
0,-5,-0.10277113620071295
0,-4,0.2334940035293163
0,-3,-0.011223300159983234
0,-2,-2.348214157155852
0,-1,0.6168611192042405
0,0,0.7938207473673671
0,1,-4.606460668330595
0,2,-0.19118893155977126
0,3,0.707953510784872
0,4,0.08647949187787966
0,5,-0.24165240010853825
0,6,0.09324062868664042
0,7,0.05867247581079569
0,8,-0.008912365738198456
0,9,0.009201574138442196
1,-10,0.00434071971620964
1,-9,0.011867628869120931
1,-8,0.031761270099391815
1,-7,0.04536621366971564
1,-6,0.1886659270199094
1,-5,-0.02882798817156732
1,-4,0.6490831089725203
1,-3,0.35283561830583876
1,-2,-3.534490055063878
1,-1,-1.0498737302056809
1,0,5.091245818292025
1,1,-9.032558157054607
1,2,1.6575769143857455
1,3,2.039191083537914
1,4,-0.005258936694624003
1,5,0.19699359969418734
1,6,0.1001870875945042
1,7,-0.029494955857507246
1,8,-0.022309263874471578
1,9,0.007413283579733413
2,-10,0.0003065857968989912
2,-9,-0.007013185846076395
2,-8,0.005639355847501547
2,-7,0.05155249405512761
2,-6,-0.05918113138409052
2,-5,-0.1651862540437776
2,-4,-0.19171240813769383
2,-3,0.0807246868986601
2,-2,0.6393479008642374
2,-1,-0.2606270830274888
2,0,-1.5811563766433099
2,1,1.5601007826122268
2,2,-0.4096995707809325
2,3,-0.4501353380489694
2,4,-0.3289464067865421
2,5,-0.0980922210113685
2,6,0.10539301427401836
2,7,0.025104530307774636
2,8,-0.024837925983934476
2,9,-0.003571441506949439
3,-10,-0.009247744422696687
3,-9,0.003149679548418073
3,-8,0.018243024605805847
3,-7,-0.04533716319711547
3,-6,-0.11695776424156716
3,-5,0.08360487151714166
3,-4,0.1349020718305649
3,-3,-0.25411789874712487
3,-2,-0.27339788781243707
3,-1,0.5576977401910155
3,0,-0.15365042873612308
3,1,-0.050854605679714004
3,2,-0.4486636968767477
3,3,0.057592427781639005
3,4,0.2205741277584994
3,5,-0.1725497900117737
3,6,-0.08247282421073088
3,7,0.04854636770744462
3,8,0.020558245448214787
3,9,-0.018076198354405524
4,-10,0.003987996243988349
4,-9,-0.0002160027164163732
4,-8,-0.024808888432421992
4,-7,-0.021056768942389666
4,-6,0.0656503384307045
4,-5,-0.07543303312958113
4,-4,-0.19619169872451472
4,-3,0.09160476912890178
4,-2,0.4089841807247013
4,-1,-0.8395654708148622
4,0,0.19579376221644057
4,1,0.038125423118962415
4,2,0.17208636092275087
4,3,-0.2326351733076574
4,4,-0.23707735377689787
4,5,0.13474239534099403
4,6,0.005873858107983909
4,7,-0.03595927531806049
4,8,0.007964137665375052
4,9,0.012435352442798288
5,-10,-0.0007046100640980743
5,-9,-0.004996176334098846
5,-8,0.0075356081830722284
5,-7,0.02555160689382295
5,-6,-0.04298432737201811
5,-5,-0.02392805387848625
5,-4,0.11784932727695642
5,-3,0.07265579372631387
5,-2,-0.3677368277825874
5,-1,0.1831521884282624
5,0,-0.14870879526790118
5,1,-0.44114359858570296
5,2,0.039916052774390115
5,3,0.18567460531671198
5,4,0.003553881135339289
5,5,-0.09925501422915887
5,6,0.035972390141967986
5,7,0.020148242268585092
5,8,-0.014028358146717275
5,9,-0.0021526252872461384
6,-10,0.001910155794838747
6,-9,0.0068127481667229475
6,-8,-0.0025068617054283455
6,-7,-0.024958043178783307
6,-6,0.01896722243121114
6,-5,0.08347721357909277
6,-4,-0.028624596133307246
6,-3,-0.19136574166046028
6,-2,0.08601339781039817
6,-1,0.06970466753815269
6,0,0.016132769545635632
6,1,0.17857773918116554
6,2,-0.2123892480986435
6,3,-0.04039449664988754
6,4,0.13731824293541345
6,5,0.03986792145908309
6,6,-0.05194841827646588
6,7,-0.007852442792355075
6,8,0.016589105106180876
6,9,0.0011047697338424436
7,-10,0.0033558083073404518
7,-9,-0.0029290898246678598
7,-8,-0.0071109147784968055
7,-7,0.0155556681045585
7,-6,0.02365197018227211
7,-5,-0.041135682125186465
7,-4,-0.0709351339932252
7,-3,0.04737384398969629
7,-2,0.06716822126563757
7,-1,-0.0006700367774251983
7,0,0.000349502500796618
7,1,0.0834857856828566
7,2,0.04734137654338884
7,3,-0.0810646568742436
7,4,-0.05366150407871067
7,5,0.042607612681323154
7,6,0.028497836616719344
7,7,-0.013909067805484798
7,8,-0.007457472601288874
7,9,0.005691299628075878
8,-10,-0.006558241661882703
8,-9,-0.0014530309632156953
8,-8,0.01671256300279294
8,-7,0.004756665312911324
8,-6,-0.032661983421902505
8,-5,-0.01480084167645892
8,-4,0.04879419661185439
8,-3,0.027058191452045154
8,-2,-0.035152763617112844
8,-1,0.0028125803859275537
8,0,0.009759593890380095
8,1,-0.04955436538947511
8,2,0.026125327950423303
8,3,0.04644078002114671
8,4,-0.016448210377845218
8,5,-0.042395579787298764
8,6,0.00846874687967674
8,7,0.02492436877225326
8,8,-0.004567149195516568
8,9,-0.012203622752304187
9,-10,0.006128061057370041
9,-9,0.004342519379654718
9,-8,-0.013296546174119536
9,-7,-0.012904236176823451
9,-6,0.014797367603078745
9,-5,0.022079876341047147
9,-4,-0.007815888043575313
9,-3,-0.016739958011364894
9,-2,0.01082018441279218
9,-1,0.002600990589040755
9,0,-0.007193321413236663
9,1,0.02942043030105221
9,2,-0.014384800141924598
9,3,-0.005461315495935644
9,4,0.022423022864959796
9,5,0.012388788061707907
9,6,-0.017381696954321523
9,7,-0.012722977444836091
9,8,0.008864999181911885
9,9,0.012860100860531031
