-2.833744648161511115e-02 -8.308963035438253833e-03 -6.116261522484536112e-03 1.579289683594676044e-02 4.111545036564973749e-02 5.150291148339709163e-02 5.939487452458905997e-02 6.114676282269782687e-02 6.548677993952231602e-02 5.251174277530416129e-02 3.819233608558800230e-02 1.358487889377350995e-02 -2.199499045723036714e-02 -6.126559409201576267e-02 -1.380751065440923020e-01 -2.091029346604770522e-01 -2.493293338342503773e-01 -2.014893522353487232e-01 -1.166869448726023661e-01 -5.625201133167886947e-02
-2.456537581288176578e-02 -1.732181500183588990e-02 -1.081701170900168166e-02 4.734864638046579199e-03 2.339061771399077866e-02 2.040886872908716926e-02 2.564548837754072191e-02 2.198335732935125311e-02 2.927020193868420592e-02 1.085872811919801756e-02 2.352153492031841542e-02 8.466190492739059797e-03 -1.017115833938582632e-02 -2.763003163866361786e-02 -6.899194956695209324e-02 -1.272619230629261078e-01 -1.710728848263149693e-01 -1.535902037514154939e-01 -9.022859745243827501e-02 -4.087398639934227557e-02
-8.957297203152912377e-03 -1.055307698630671663e-02 -1.884224525215600493e-02 -1.104117518635618772e-02 -1.444814982468726160e-02 -3.665820526264754187e-02 -4.626870432283972795e-02 -5.651131052104270414e-02 -4.563702168606591919e-02 -4.364739912072772982e-02 -1.925187539027389816e-02 2.307042352212382720e-04 1.278666106792325508e-02 3.446428572890258835e-02 5.314954258129007264e-02 4.315429010652749309e-02 1.289664617745222772e-02 -1.102228797954208674e-02 -1.108101506018490008e-02 -5.046008863586127352e-03
2.458488245487996590e-02 1.684302890790312715e-02 -3.654249657085788597e-03 -3.748899950777186130e-02 -6.733738845525408245e-02 -1.084457517576465913e-01 -1.471451376962147339e-01 -1.606385620853596763e-01 -1.571920017536697356e-01 -1.328674499602754966e-01 -8.534804553184900666e-02 -2.090435860674469404e-02 4.096813162885893506e-02 1.222712776075546154e-01 2.200768129684728402e-01 2.649462800997348100e-01 2.757488797698851579e-01 1.935186259726115188e-01 1.016714699843621061e-01 5.342976066336091456e-02
4.667642904547448374e-02 4.269251222765362702e-02 3.997906762200817941e-03 -7.467395674513027659e-02 -1.175652973672511870e-01 -1.726956195303529507e-01 -2.430639917363288105e-01 -2.682544661451854440e-01 -2.674262975226248118e-01 -2.257541583112537831e-01 -1.407711809801402147e-01 -3.897439024321380091e-02 6.522764058665571352e-02 2.066385018279100760e-01 3.860942690720646775e-01 4.971978394623910447e-01 5.291679378810846268e-01 3.875912895938476432e-01 2.125283273129140449e-01 1.023889456286858624e-01
8.721149155450824697e-02 7.573484933976334932e-02 -1.097301013524189586e-02 -8.720863126700210965e-02 -1.762018743888295602e-01 -2.392794349049773839e-01 -3.239202831246343339e-01 -3.620599105440693855e-01 -3.767914431605769998e-01 -3.198700313386559912e-01 -2.078898833307515903e-01 -6.542653186874722304e-02 8.476265951522900244e-02 2.858680404533168184e-01 5.363452864974468381e-01 7.306737014631956573e-01 7.586939032602109112e-01 5.550168964720187947e-01 3.222601229948525714e-01 1.361544226985327288e-01
1.168659851347222389e-01 9.951092658646895628e-02 4.618758593866007303e-03 -1.136122311057618933e-01 -2.335568715935046058e-01 -3.337518008790438251e-01 -4.220556547422227855e-01 -4.763958756858702182e-01 -4.953172161262079376e-01 -4.345023511502890678e-01 -2.834914037950527765e-01 -9.456645101169892931e-02 1.019901730126261674e-01 3.636076772937636981e-01 6.963467082404385389e-01 9.700393760587007197e-01 1.036044020556404766e+00 7.816637788537038611e-01 4.508642489717163970e-01 2.069843044220548434e-01
1.829619024814821138e-01 1.337418117580295995e-01 3.317288485536200315e-02 -1.209420530013587819e-01 -2.613816333887507559e-01 -3.950774687400492313e-01 -5.175051499968755797e-01 -5.872725853341688174e-01 -6.250448141689279868e-01 -5.316824673941442647e-01 -3.608618047698110010e-01 -1.298001616121428059e-01 1.169447044636239830e-01 4.400326910167176586e-01 8.609592394481669908e-01 1.239510997761169131e+00 1.352351661576828512e+00 1.061563559059023554e+00 6.108433891581298569e-01 2.807645210569051919e-01
2.569175923179971011e-01 1.874410024702699296e-01 5.426101072327491059e-02 -1.390195502994542032e-01 -3.309258271488675351e-01 -5.061732951948761938e-01 -6.498953236048931048e-01 -7.353064677448882813e-01 -7.897975297291108809e-01 -6.799317286150058370e-01 -4.587152830715950924e-01 -1.729327885213461646e-01 1.353638514007124982e-01 5.275356052866388978e-01 1.085025560512390852e+00 1.604896054955181617e+00 1.770396676900868993e+00 1.411331743397518101e+00 8.210644580771974121e-01 3.789131699027982192e-01
2.828623705434830105e-01 2.114715892714439938e-01 7.327756890261208356e-02 -1.431982087109373580e-01 -3.522036300350970262e-01 -5.144358005120694965e-01 -6.473895022131417321e-01 -7.506704645072398430e-01 -7.915834079130126266e-01 -6.885909394554858842e-01 -4.714023405974339664e-01 -1.775789523211877274e-01 1.320339162271460531e-01 5.341669401493654989e-01 1.107182710314789542e+00 1.671690702830434416e+00 1.884965670286488093e+00 1.534762139687330107e+00 8.877435262944826100e-01 4.227527261140814341e-01
2.125701857772842041e-01 1.676154077938108999e-01 5.598677534460411859e-02 -9.563949641747732100e-02 -2.349639933244696555e-01 -3.629411979227304963e-01 -4.647902459757669025e-01 -5.149025705180825252e-01 -5.457208342929971145e-01 -4.764130121136293528e-01 -3.234369524896130721e-01 -1.249189992181371917e-01 8.464532612238116760e-02 3.579796549748117118e-01 7.756786987923338650e-01 1.207281513987692678e+00 1.377959454673921780e+00 1.145203575693634068e+00 6.621189864686628512e-01 3.225289319782738140e-01
7.323597611940489693e-02 5.822244974067784795e-02 3.556771349750145750e-02 5.560923764365345058e-03 -2.398020048903871937e-02 -5.200202782149307423e-02 -5.228862910198484731e-02 -7.184073622951110683e-02 -8.456243745058986128e-02 -8.477688226082021050e-02 -6.288467742540539140e-02 -3.027065953652691155e-02 6.208868801013633226e-03 5.963074383888502389e-02 1.723977670368680992e-01 3.268453668585635796e-01 4.005848149868831976e-01 3.600696776171738445e-01 1.979098613782497851e-01 1.001201335707804785e-01
-1.048885265070317735e-01 -6.196906546950258637e-02 1.763690071052926439e-02 1.140249684158597260e-01 2.444551855485521674e-01 3.697034684402119020e-01 4.667504306205745856e-01 5.097615248152520540e-01 5.195481838278985798e-01 4.387865587786490273e-01 2.641407513706762744e-01 8.382880992785320118e-02 -1.122296836638588119e-01 -3.539528488333869571e-01 -6.339077061809700320e-01 -8.375293288138123682e-01 -8.767017284547242717e-01 -6.835216204951363173e-01 -4.039174987477073264e-01 -1.830989900307161966e-01
-3.187539043905682212e-01 -2.028440964540418612e-01 1.619056368309124486e-02 3.322499726056684088e-01 6.177200284205410785e-01 9.222851986663496149e-01 1.141104299931113619e+00 1.241412396597666667e+00 1.275456279406838478e+00 1.057218445222322112e+00 6.519290076057235872e-01 2.070299207061532532e-01 -2.927399928418451536e-01 -9.247379588383731752e-01 -1.721355339267943707e+00 -2.369095102246059792e+00 -2.533439242935800362e+00 -1.995173990165404199e+00 -1.178427278821326141e+00 -5.487721858501867223e-01
-4.904420919768773257e-01 -3.060672016605792134e-01 3.873367982929704773e-02 5.034524839980718536e-01 9.998534101282954278e-01 1.383677965060460258e+00 1.733491131771302651e+00 1.848983851132980583e+00 1.883828413672760771e+00 1.600959618799891127e+00 9.935610366032531227e-01 2.875428465172058523e-01 -4.785774920364065377e-01 -1.451122843732687517e+00 -2.791583181667849800e+00 -3.864512964631173109e+00 -4.121062377410475541e+00 -3.259370778738332142e+00 -1.870513877863838825e+00 -8.422859518748394558e-01
-4.864583718167441173e-01 -2.700184187366709843e-01 8.045822369296089238e-02 5.699273174771805062e-01 1.041923996085808657e+00 1.436694276341879739e+00 1.776114278245290778e+00 1.867574528504377662e+00 1.926986339967131201e+00 1.605771403749000070e+00 9.850838527165868275e-01 2.695760484964095371e-01 -5.463200774217042976e-01 -1.614587929792307586e+00 -3.026893890186195257e+00 -4.287280362733011607e+00 -4.545951807835872494e+00 -3.587921404737861142e+00 -2.044096781219939096e+00 -8.980899618797235640e-01
-3.617658685145849207e-01 -1.982907850144315642e-01 7.926244387814329606e-02 4.480872625099929785e-01 7.911355937237904978e-01 1.109510299597249228e+00 1.324244865630294754e+00 1.410516984906390769e+00 1.426141498079941838e+00 1.207991806071471386e+00 7.390114088928982916e-01 1.918808901480963947e-01 -4.258486622362491758e-01 -1.279401784122807362e+00 -2.441839596816668401e+00 -3.352264457360422334e+00 -3.606697974632513404e+00 -2.807073731892574475e+00 -1.593780337289873783e+00 -6.941470111656937725e-01
-2.015331009034782295e-01 -1.028794467608345892e-01 5.157383456558298912e-02 2.578721706329215047e-01 4.646205336059873736e-01 6.285665381802028051e-01 7.643871845013984201e-01 8.163927957026405613e-01 8.217328182168460726e-01 6.971318934200901873e-01 4.292468547909590870e-01 1.095363888855373502e-01 -2.653110647182036486e-01 -8.003102097348189226e-01 -1.453100496006535014e+00 -1.981537931615809489e+00 -2.139981503781290151e+00 -1.635062804796575175e+00 -9.144451591385125422e-01 -3.941007582376354068e-01
-8.629404857640751714e-02 -4.294520255524372776e-02 2.153994612277743831e-02 1.163546025853822025e-01 1.972463456997020081e-01 2.730097684187012819e-01 3.298830001632383491e-01 3.594827701259042385e-01 3.697157120320518353e-01 3.062139252160321901e-01 1.867593531391505413e-01 4.962213485099967875e-02 -1.221305604348011803e-01 -3.662721664097912666e-01 -6.676420576955750530e-01 -8.782038401053599008e-01 -9.625258896565854760e-01 -7.041305338152504811e-01 -4.052015649864307290e-01 -1.648261294315432890e-01
-3.386708399943978015e-02 -1.758913471989833471e-02 2.022960437853992075e-03 4.535226245536225914e-02 6.214776210374865079e-02 1.034011627034816805e-01 1.213216476187309739e-01 1.204408420861639156e-01 1.334487473845486216e-01 1.095230143686073132e-01 6.898408961381362337e-02 1.773134503205402168e-02 -4.317742208644645419e-02 -1.344914510012954201e-01 -2.527294777386767111e-01 -3.406439723749466464e-01 -3.542197119573687325e-01 -2.780811231623618318e-01 -1.683249161483584277e-01 -6.609671270647901609e-02
