n1,n2,coeff
-10,-10,0.005885782797936525
-10,-9,-0.0021667186668443156
-10,-8,-4.6162917972840255e-05
-10,-7,0.0013575379564667181
-10,-6,-0.005009493792202559
-10,-5,0.0002977208358575127
-10,-4,0.000979815392799931
-10,-3,-0.0003797265451283811
-10,-2,-0.00039489630831384987
-10,-1,-0.003963299264630799
-10,0,0.000867911858425321
-10,1,0.001450692550665361
-10,2,-0.0041921741511807085
-10,3,0.00508648746666002
-10,4,0.003805211879399229
-10,5,-0.004970086538641273
-10,6,0.003141095580297616
-10,7,-0.004683091637986774
-10,8,-0.003930083408008342
-10,9,0.004364714734778926
-9,-10,0.00022072327196215303
-9,-9,0.008175035870611717
-9,-8,-0.0026498608573573093
-9,-7,-0.0007868655272958633
-9,-6,-0.002546112482910464
-9,-5,0.0016607656760728171
-9,-4,0.007324561660974519
-9,-3,0.003742277188573926
-9,-2,-0.005828535861055627
-9,-1,-0.0014776415406348373
-9,0,0.002947025387109787
-9,1,0.00222611429428637
-9,2,-0.005926702580103963
-9,3,-0.006392425245264828
-9,4,-0.001105599390865496
-9,5,0.004143944698262582
-9,6,0.005031296590456884
-9,7,0.000410903693814313
-9,8,-0.0037780392683484576
-9,9,0.0033217404085342434
-8,-10,0.00011638590556413058
-8,-9,-0.002554418385899057
-8,-8,-0.0006013319134733629
-8,-7,0.001418945469859246
-8,-6,0.003592055757652743
-8,-5,-0.006841423009848791
-8,-4,-0.0026707996548816114
-8,-3,0.003100290249208182
-8,-2,-0.009779501446019311
-8,-1,-0.0033334341400446644
-8,0,0.005866985371712653
-8,1,-0.0007614277666099658
-8,2,-0.004809556933344486
-8,3,0.002957312943702171
-8,4,0.007706197982184533
-8,5,-0.004716549091610284
-8,6,-0.0025004183178367577
-8,7,-0.0030137103360443136
-8,8,0.002507446224278103
-8,9,-0.005813734951884905
-7,-10,0.0026733190504800563
-7,-9,0.0030633564326801315
-7,-8,0.005288326940279069
-7,-7,0.0007973423302761409
-7,-6,-0.0032566525038299696
-7,-5,-0.001619886138021237
-7,-4,0.0006596068873731968
-7,-3,-0.00647931471058727
-7,-2,5.860866589045618e-05
-7,-1,0.007733364670305741
-7,0,0.003996481605192973
-7,1,-0.001515338442360289
-7,2,0.0007961480753487147
-7,3,-8.99290455510323e-05
-7,4,0.0009848368730720112
-7,5,-0.0026744687764424417
-7,6,0.0028120258427140493
-7,7,0.00406666887754611
-7,8,0.003619514829813365
-7,9,0.008057708079470476
-6,-10,-0.0009472830161546948
-6,-9,0.0026439004817033905
-6,-8,-0.012173957333378144
-6,-7,-0.0008147476120477206
-6,-6,0.004322420975871405
-6,-5,-0.0031303607075449666
-6,-4,0.00245803508824043
-6,-3,0.007607969515090376
-6,-2,0.0025722895337555976
-6,-1,-0.0018156704474860696
-6,0,-0.0009641994415638407
-6,1,-0.0038041357332030813
-6,2,0.002933602084993978
-6,3,0.00412854304969621
-6,4,0.003665150378618011
-6,5,-0.0021457960308616814
-6,6,-0.002640978814501845
-6,7,0.005576250971840852
-6,8,-0.0014752740118938565
-6,9,-0.003554666787453175
-5,-10,0.0025610979486971647
-5,-9,0.0005916907395433547
-5,-8,0.0010550458661454064
-5,-7,-0.0045180339604822236
-5,-6,-0.001838749476904971
-5,-5,-0.0037967594813198397
-5,-4,-0.003106112894901247
-5,-3,0.00020656577869405165
-5,-2,0.006157575699778496
-5,-1,0.001577496910649216
-5,0,0.0011514831123428187
-5,1,-0.009866865073664159
-5,2,-0.0007290759112644782
-5,3,-0.0023604083322648073
-5,4,-0.010154333593827378
-5,5,-0.0015666708027357369
-5,6,0.007221630021117964
-5,7,0.002876108710397131
-5,8,-0.006026618566735648
-5,9,-0.0012573185224515255
-4,-10,0.0036953061338314275
-4,-9,-0.00036749801689996186
-4,-8,-0.006238639497349003
-4,-7,0.003175481291306732
-4,-6,0.005452003315293132
-4,-5,0.004009964294785049
-4,-4,0.00023065402472611805
-4,-3,-0.00045912434840868406
-4,-2,-0.005453595570468849
-4,-1,0.0038889439807691293
-4,0,0.0026618714259546783
-4,1,0.010069098396621824
-4,2,0.005030371626294391
-4,3,-0.0021059890920710556
-4,4,-0.0049549879072190725
-4,5,0.0005830239501663939
-4,6,0.0009455032444362132
-4,7,0.0007054790462738327
-4,8,-0.00020499376716529035
-4,9,-0.004965814482973277
-3,-10,-0.0015220739333300598
-3,-9,0.004374389043671029
-3,-8,0.002004825847939079
-3,-7,-0.011293144320604798
-3,-6,0.008370504770178899
-3,-5,0.0032294597538173025
-3,-4,-0.00339164061923556
-3,-3,-0.008749839992781578
-3,-2,-0.001650795811790418
-3,-1,-0.004412498637475979
-3,0,-0.0018981403795373872
-3,1,0.0011233159595387383
-3,2,0.001468614739944311
-3,3,-0.0009650021810083154
-3,4,-0.0034052791857998345
-3,5,-0.005891987747453289
-3,6,-0.0033953464541610855
-3,7,-0.004748561784636755
-3,8,-0.007072916329163461
-3,9,0.0047140153381155315
-2,-10,-0.0008829227574783275
-2,-9,-0.006888338494993874
-2,-8,-0.007703333209620062
-2,-7,-0.0020926087223675535
-2,-6,-0.0012155670784927755
-2,-5,0.018663814294344945
-2,-4,0.003103700240926074
-2,-3,0.007252708077754415
-2,-2,-0.0016810617762692773
-2,-1,-0.0002935339818284592
-2,0,-0.007244610213582889
-2,1,0.005316256948229348
-2,2,-0.01681597613009222
-2,3,0.0035114894820734346
-2,4,0.01038830608393971
-2,5,-0.0039273654139449525
-2,6,-0.00277510894736285
-2,7,-0.0016874739666508899
-2,8,-0.0017474198870266772
-2,9,-0.009942750697677501
-1,-10,0.002101641496035669
-1,-9,0.0070707259072180645
-1,-8,-0.007613059448959415
-1,-7,-0.006188581427510653
-1,-6,-0.015666255882754485
-1,-5,-0.0060656629252313875
-1,-4,-0.001553628077618589
-1,-3,0.017903661743474453
-1,-2,-0.01071715316678284
-1,-1,0.0025700057299181977
-1,0,-0.009497534703644934
-1,1,0.00402724640351446
-1,2,0.005511620532397404
-1,3,-0.012067286733033594
-1,4,-0.008899065207341846
-1,5,0.008403045100466616
-1,6,0.0016594836816125292
-1,7,-0.005119093593578166
-1,8,-0.010086990540940068
-1,9,0.0030063813163306993
0,-10,0.2851287445563845
0,-9,-1.730662689622082
0,-8,-4.620316152932161
0,-7,-0.0013611188809930133
0,-6,-14.77301939750895
0,-5,-21.60931543797691
0,-4,-9.172099885074388
0,-3,-12.177685785928675
0,-2,-195.5015327601998
0,-1,43.13383946760546
0,0,494.1561563607032
0,1,-186.0615848937184
0,2,-74.04750415751862
0,3,51.763795071261775
0,4,-35.79310707150693
0,5,6.8519973468704425
0,6,-4.101592539260265
0,7,-3.133790112339641
0,8,2.833736623341999
0,9,-0.3557704821235624
1,-10,-0.002882411101874438
1,-9,0.0017513425813657762
1,-8,-0.006424527506947142
1,-7,0.001736372518960069
1,-6,-0.00306608537706172
1,-5,0.010402101448866614
1,-4,0.008548098447597663
1,-3,0.0035530569827835843
1,-2,-0.007951592035961933
1,-1,0.0026609855609162985
1,0,-0.012171627632031013
1,1,-0.006840841703300899
1,2,0.006177871341994931
1,3,0.003054191593078384
1,4,0.005297888404204413
1,5,-0.004399837904473994
1,6,0.009887676577839774
1,7,-0.007308393066258595
1,8,-0.018672804379312635
1,9,0.0009699834413156806
2,-10,0.004472362629509258
2,-9,0.011970814316796159
2,-8,0.0054712638182019685
2,-7,-0.006408658444205723
2,-6,-0.0021976926227483154
2,-5,-0.0028129215622737028
2,-4,0.003035938001580819
2,-3,-0.00212626513721233
2,-2,0.003971588596505769
2,-1,0.0003180834963039566
2,0,-0.0013306483418644177
2,1,0.006596175427612361
2,2,-0.008134377376616505
2,3,0.003648228819370796
2,4,0.013482855104227469
2,5,0.007601611613994085
2,6,0.004780402895917926
2,7,0.0008438365999108479
2,8,-0.007909022322657899
2,9,-0.0077633173366655475
3,-10,0.004766683566592716
3,-9,0.0049410626537359295
3,-8,-0.000168651031799537
3,-7,0.0014376365169761084
3,-6,-0.002327051169927121
3,-5,-0.0012239026746492059
3,-4,-0.0009070265617702655
3,-3,-0.001468359468953932
3,-2,0.0036721111238969526
3,-1,-2.6259729420900963e-05
3,0,-0.003912730484178723
3,1,0.005535700025443872
3,2,-0.010707512398556038
3,3,-0.005417011410485038
3,4,-0.002027154060366723
3,5,0.002557882398403091
3,6,0.0026919598604099185
3,7,0.004780851641249652
3,8,-0.003278837582424603
3,9,-0.0010933933450711182
4,-10,0.0008830815558012397
4,-9,-0.002242470329325492
4,-8,-0.008876942763332132
4,-7,-0.0007874966060259657
4,-6,0.0066544994088179495
4,-5,-0.01262126476023326
4,-4,-0.00743236872466876
4,-3,0.0024980117731405326
4,-2,0.0053604175646689055
4,-1,0.008619871008985942
4,0,0.0026128945172944587
4,1,-0.004221208524793759
4,2,0.010130150879699335
4,3,-0.003795594243236841
4,4,-0.0003336587890748694
4,5,0.004162309101070639
4,6,-0.0027181217822482323
4,7,0.0133994688212431
4,8,0.0013101539220702664
4,9,-0.0006173600662635347
5,-10,-0.0024181292055151606
5,-9,0.0023907744853577336
5,-8,0.0012215442321590053
5,-7,-0.0009230976876763423
5,-6,0.0017255776530216002
5,-5,-0.001246519405537903
5,-4,0.0003165520216367506
5,-3,0.0023271831979203962
5,-2,0.0012549548859353598
5,-1,-0.0016315972399708247
5,0,0.00024059499036244942
5,1,-0.0038372625644460716
5,2,0.0023682286312107516
5,3,0.006338028227950011
5,4,-0.00041580306628557936
5,5,-0.0035915351255759527
5,6,0.0041648476080986185
5,7,-0.002851989205889309
5,8,-0.006065481214629422
5,9,0.0040285571756906976
6,-10,-0.001268802040517523
6,-9,0.0023152577383923644
6,-8,0.0005917552931773647
6,-7,0.0036588701766908584
6,-6,-0.0037812187941493563
6,-5,0.006680118497041961
6,-4,0.005994331440688827
6,-3,-0.0005625910379095026
6,-2,-0.0023111704460401683
6,-1,-0.0016770313492034056
6,0,-7.538180501280186e-05
6,1,0.0002181221597446043
6,2,-5.574638587770387e-05
6,3,-0.0008768904718247554
6,4,0.0008789903753307772
6,5,-0.0006539706079355385
6,6,-0.0023124819043832674
6,7,-0.008020414052174114
6,8,0.0036066944608065346
6,9,0.0023765029072218766
7,-10,0.0010957062397664583
7,-9,-0.004353861178551773
7,-8,0.002576098908209712
7,-7,0.004900000357889569
7,-6,0.005557851836085331
7,-5,-0.004714836619670487
7,-4,0.0021197612898399987
7,-3,0.010011670549842203
7,-2,-0.0006671331333266085
7,-1,0.000726242854242368
7,0,0.002831717314434849
7,1,0.00015932477156849987
7,2,-0.003644379331165082
7,3,-0.012332163752423896
7,4,0.0012877939522186073
7,5,-0.0018264741012317235
7,6,-0.0009777576941810005
7,7,0.00012926506011182986
7,8,0.00034588390422563746
7,9,-0.009241002745538218
8,-10,-0.0008186413303746791
8,-9,0.005610150860335864
8,-8,0.0013800344819444
8,-7,-0.0004990908405714542
8,-6,-0.005316097038686173
8,-5,0.0021516362045712867
8,-4,-0.0019936035690347816
8,-3,-0.0036387510026831254
8,-2,-8.784133538804458e-05
8,-1,-0.0042343607406841585
8,0,-0.001998167883918245
8,1,0.0016587064504315734
8,2,0.0013674207559275615
8,3,-0.0008872734710207358
8,4,-0.003542473318015556
8,5,0.006157769040693308
8,6,0.0011934377066160032
8,7,-0.008594061164597195
8,8,-0.005767280247026312
8,9,-0.00399860565430978
9,-10,0.0031760298581472502
9,-9,9.503581735390232e-05
9,-8,-0.0011795305860690542
9,-7,-0.007657951349940897
9,-6,0.0008439550903061608
9,-5,0.004945289229449096
9,-4,0.003089122609938882
9,-3,0.00020637589491855258
9,-2,-0.0010677182146957107
9,-1,-0.0039216732969802525
9,0,0.0004958001581930012
9,1,-0.005192459373548582
9,2,0.00995085291037452
9,3,0.0003815882962414299
9,4,-0.003725460273994939
9,5,0.004916501713974232
9,6,-0.0014741671843729652
9,7,-0.00297178157464649
9,8,0.007552071174543325
9,9,0.0005385797131165134
