n1,n2,coeff
-10,-10,0.00035872676463220024
-10,-9,-0.0004153431607074484
-10,-8,0.000276565409958959
-10,-7,0.00047894084150098713
-10,-6,-0.0003647706070785093
-10,-5,-0.0007364525900063851
-10,-4,-0.00037742435173407075
-10,-3,4.947444193966842e-05
-10,-2,0.0006752101315327232
-10,-1,0.00018682067092582437
-10,0,5.8933372747255404e-05
-10,1,0.0005400487401919407
-10,2,0.0005275651477964933
-10,3,-0.00029585127537953414
-10,4,-0.0001553775125916653
-10,5,-0.00012842532258000634
-10,6,0.0007916177207061673
-10,7,0.00041420515469904953
-10,8,-4.6924106928086624e-05
-10,9,0.0003951387072151278
-9,-10,0.0003492050819147523
-9,-9,-0.00039042005643800113
-9,-8,-0.00034186925169833455
-9,-7,0.0004110052545919223
-9,-6,-0.00045176803773491503
-9,-5,0.0002951635079608867
-9,-4,0.00018437014345953648
-9,-3,0.0006100368425434669
-9,-2,-0.000644875540876565
-9,-1,0.00025178514412527896
-9,0,-7.976721933392393e-05
-9,1,0.0006062392371342193
-9,2,0.00034230947357013
-9,3,0.00040436489995437875
-9,4,0.000970170752452953
-9,5,1.1212957848915513e-05
-9,6,0.0003254384259037766
-9,7,-0.0006782404774400349
-9,8,-2.5474595122130047e-05
-9,9,-0.0003411796749034218
-8,-10,-0.0008695020229409145
-8,-9,0.0006891345181603881
-8,-8,-0.00025810569652121463
-8,-7,0.00010607756149478636
-8,-6,-6.110431786530927e-05
-8,-5,0.0002475352951941373
-8,-4,-0.00020941411287641175
-8,-3,8.054192014238381e-05
-8,-2,7.611377028828796e-05
-8,-1,-0.001137190072523365
-8,0,0.0006761093428299712
-8,1,-0.0011430567308596093
-8,2,-0.0002477181699176685
-8,3,-0.0004519000595957876
-8,4,0.0008804479180889394
-8,5,0.0008571759092523718
-8,6,-0.001407411025657412
-8,7,-0.0003514187782843311
-8,8,0.000576807595437311
-8,9,-0.00043925046460684456
-7,-10,3.71996599390893e-05
-7,-9,0.0004889852256324827
-7,-8,-0.0002223708822872729
-7,-7,-0.00039876332657526813
-7,-6,0.0003060317514023715
-7,-5,-0.0006098729168076784
-7,-4,-0.00027527415033235447
-7,-3,-2.9640216043551698e-05
-7,-2,-0.00028318019134912953
-7,-1,-0.0012201941522342302
-7,0,1.715112007470767e-05
-7,1,-0.00047477294790300347
-7,2,-0.0002255835107574372
-7,3,-0.0008951411797576502
-7,4,0.00012356034927045757
-7,5,-6.896696170332374e-05
-7,6,-0.00018141214596609126
-7,7,0.0005527651178059765
-7,8,2.429044583547708e-05
-7,9,0.0006243020655311716
-6,-10,0.00039729192897278496
-6,-9,0.0005488204506773859
-6,-8,9.741560878395908e-05
-6,-7,-0.001721991429919898
-6,-6,0.00023667749614737684
-6,-5,0.0010743730012460373
-6,-4,0.00068625448471969
-6,-3,0.0003923161766718232
-6,-2,-0.0023639986127089755
-6,-1,0.002167048349628732
-6,0,0.0005927635271841913
-6,1,-0.0016465673060940586
-6,2,-0.0006328127775554337
-6,3,0.0009562244993479936
-6,4,-0.0002940830281799064
-6,5,-0.00012830615878125704
-6,6,-0.0003594265215817697
-6,7,-0.0004936426136454812
-6,8,0.0010940374378037153
-6,9,-0.00040476681735323184
-5,-10,-7.791209058200218e-05
-5,-9,-0.00012616008724775194
-5,-8,-0.00043912169546807164
-5,-7,-0.000688731526588328
-5,-6,0.0007167620492497226
-5,-5,0.0005717509267356508
-5,-4,0.0006362622650204439
-5,-3,-0.0004837584981865829
-5,-2,0.0011820273767024503
-5,-1,-0.009167492696330767
-5,0,0.0019732693798825917
-5,1,-0.00769184769286604
-5,2,0.001639766760750943
-5,3,0.0001017851945436723
-5,4,-0.0020433892159274006
-5,5,0.0011801917939564326
-5,6,-0.0004722294822456153
-5,7,-0.0006597188968221507
-5,8,0.001046446918076601
-5,9,-0.0002149542645894735
-4,-10,-0.0006489259285044986
-4,-9,0.0005781011599061368
-4,-8,-0.00010442783694602428
-4,-7,0.0009752894673502585
-4,-6,3.4039721754813824e-05
-4,-5,-0.0023254184316111636
-4,-4,-0.0007714195776561229
-4,-3,0.0025668218644800764
-4,-2,0.004050943140475383
-4,-1,-0.011109003605053328
-4,0,-0.0012750133714227276
-4,1,0.0006666933599755688
-4,2,0.001796723577275775
-4,3,-0.0014309532111081026
-4,4,-0.0041519206709217165
-4,5,-0.0002724273610173275
-4,6,0.0001504930239201585
-4,7,0.00020090722813434465
-4,8,0.00048319905613138564
-4,9,0.00019480041098002342
-3,-10,0.0005546188275055647
-3,-9,0.000455560675309513
-3,-8,-0.0006924396130731751
-3,-7,4.7954375174688966e-05
-3,-6,-6.828215793690968e-06
-3,-5,0.0011806027004700405
-3,-4,0.000582552363135264
-3,-3,0.0005589888474909039
-3,-2,0.0033650487859782736
-3,-1,0.013042912930293922
-3,0,-0.005029483475248821
-3,1,0.024553206309556957
-3,2,0.0005604663337942414
-3,3,-0.0012554667244361398
-3,4,0.0032651673907665643
-3,5,-0.00012698656858944207
-3,6,-0.000590321692944399
-3,7,-0.0008177455289965082
-3,8,0.000397717153490055
-3,9,0.00015297785970807317
-2,-10,0.00010184632513577334
-2,-9,-0.0015631643188788297
-2,-8,0.00037624094613214763
-2,-7,0.0005100047572327579
-2,-6,-0.0005309190020564139
-2,-5,0.009286983700557217
-2,-4,0.00980335664286606
-2,-3,-0.013101863309682944
-2,-2,-0.038106806654830405
-2,-1,0.08183531782249676
-2,0,0.016792179215621116
-2,1,-0.02490769181089097
-2,2,-0.008746938445972985
-2,3,0.01662055215622638
-2,4,0.021567350599716532
-2,5,-0.0018409453384782783
-2,6,-0.002747678569420088
-2,7,-1.3848280658532764e-05
-2,8,-0.0011884752356071504
-2,9,-0.0005680633307984356
-1,-10,-0.00047221325995532997
-1,-9,-0.00035321274325857637
-1,-8,0.0007240730958770047
-1,-7,0.0004608852445744916
-1,-6,0.0009736822544794953
-1,-5,-0.026064267231970438
-1,-4,-0.01777785422857068
-1,-3,0.03299342633358525
-1,-2,0.05733783670492531
-1,-1,-0.23169566860940588
-1,0,0.01263495787788424
-1,1,-0.07316546737901519
-1,2,0.0413003554128817
-1,3,-0.02153449008535693
-1,4,-0.06262431139926365
-1,5,0.008052468254123467
-1,6,0.007933202955012895
-1,7,0.0020862893651336888
-1,8,0.00014258954492756806
-1,9,-0.001133443853096443
0,-10,0.0006794683363255232
0,-9,3.8144490767224717e-06
0,-8,-0.0003573178721332256
0,-7,0.0005944329069210792
0,-6,-0.0023363930539408314
0,-5,0.002366257683077882
0,-4,0.0051271600672255085
0,-3,-0.0035933003280164398
0,-2,-0.025424872939072352
0,-1,0.0315394185511391
0,0,0.00014211273980644076
0,1,-0.024339697813627537
0,2,-0.008023218644067898
0,3,0.009770592368485305
0,4,0.0076517400063726695
0,5,-0.003951643963613184
0,6,-0.0007778629571590168
0,7,0.0004868685369952473
0,8,-6.464671852376957e-05
0,9,0.0005448548654231515
1,-10,0.00011167478181780693
1,-9,-0.00038928328637400923
1,-8,0.0002862641419540584
1,-7,0.0008506723215564589
1,-6,0.005339912976631197
1,-5,-0.00909369672819653
1,-4,-0.002470423945666145
1,-3,0.012354471408576774
1,-2,0.002317068272785985
1,-1,-0.08393365964020262
1,0,0.06229383185066529
1,1,-0.10552867891207417
1,2,0.04659455110056039
1,3,0.003717077600696329
1,4,-0.020458512122054146
1,5,0.010524240655955397
1,6,0.0033943180816741075
1,7,-0.0008616278367324249
1,8,-0.0007496398430218296
1,9,-0.0004533447593199777
2,-10,0.0009813025696632659
2,-9,0.00021571140840947634
2,-8,-0.0012022608518088116
2,-7,0.00037231070408435087
2,-6,-0.000905034788290407
2,-5,-0.0006254300449947934
2,-4,0.002705868665113151
2,-3,0.003688670745136359
2,-2,-0.014238448769615686
2,-1,0.018186919752499545
2,0,-0.006233650249083139
2,1,0.0011345236744031617
2,2,-0.000328007465442436
2,3,0.004748829538790828
2,4,0.001741351345216855
2,5,-0.0028402922507942477
2,6,0.0006365130402500493
2,7,-9.698886597941933e-05
2,8,-0.00011674566565478595
2,9,0.0010635257758588672
3,-10,0.0005036414304342144
3,-9,-0.000122987550728036
3,-8,-2.764967066556236e-05
3,-7,-0.0004515621958047336
3,-6,-8.270318291100085e-05
3,-5,0.0011990851276984693
3,-4,-0.001173132476168233
3,-3,-0.0018737287274452209
3,-2,0.004827663483436557
3,-1,0.00582415985794728
3,0,-0.010088572667548248
3,1,0.018560982362529718
3,2,-0.006108437904421914
3,3,-0.0014789884924186207
3,4,0.0024909633164842803
3,5,-0.0005805807237924656
3,6,-0.0017101158054653564
3,7,0.0003908789231899931
3,8,0.0008611680810769051
3,9,0.00031320332049383055
4,-10,-0.0004089499177924281
4,-9,1.0139279088411829e-05
4,-8,-0.00014538414264055104
4,-7,0.00035734599769721837
4,-6,0.0013225882788733408
4,-5,-0.00565012439230051
4,-4,-0.003947918820151629
4,-3,0.00711160816947555
4,-2,0.009818368191652922
4,-1,-0.0483496420997674
4,0,0.0054925243973893865
4,1,-0.02333248532668592
4,2,0.010262932338107367
4,3,-0.003773785109687368
4,4,-0.013796234577713958
4,5,0.00251396908045287
4,6,0.00172551446779271
4,7,-0.00012133190920569807
4,8,0.00011109884027498678
4,9,-0.0006753399762769488
5,-10,-1.0846383738934272e-05
5,-9,0.000556494801351823
5,-8,-0.0007986608547755748
5,-7,-0.00036040741315519775
5,-6,-0.00031407869738485583
5,-5,0.0008948851057140591
5,-4,0.0020151437944583733
5,-3,-0.0012031997837026029
5,-2,-0.006958426522331889
5,-1,0.011003553139597375
5,0,0.002513063699987219
5,1,-0.006610051644239004
5,2,-0.0019833193600401356
5,3,0.002542347276952411
5,4,0.0023664872303475774
5,5,-0.0006839173940203613
5,6,8.733172635320887e-05
5,7,0.00012931221482358817
5,8,-0.0001532822654504959
5,9,-0.0005830127315459414
6,-10,2.643970372842666e-05
6,-9,0.00011089402613420974
6,-8,-0.0004038471397301811
6,-7,0.0002800413020634703
6,-6,0.0002042589552501067
6,-5,0.0010397892089286846
6,-4,-0.0011616878693093866
6,-3,-0.0014878412166653538
6,-2,0.001997741867110858
6,-1,0.0030635091211435907
6,0,-0.0014239835728547157
6,1,0.006703008415334867
6,2,-0.0009585679185793968
6,3,-0.0002723557831336074
6,4,0.0008204314013572904
6,5,0.00030583224041140635
6,6,-0.00037194608745352257
6,7,-0.0007444192544611816
6,8,0.000879423889293395
6,9,-0.00033210982820755774
7,-10,0.0002638228529929367
7,-9,-2.775905149786919e-05
7,-8,0.0005330358229500825
7,-7,0.0007003792352644801
7,-6,0.00017918704111139505
7,-5,0.00025650399133683434
7,-4,-3.5385791798656455e-06
7,-3,-0.0009458740092549295
7,-2,0.0003493946482339256
7,-1,-0.0007055837418369837
7,0,-0.0006734830234487312
7,1,-0.00013121583924989515
7,2,-0.00047086221852091133
7,3,0.00035475384691555025
7,4,0.0002644625039546172
7,5,-0.00035360089494314745
7,6,0.0007807114634682277
7,7,0.00010711411734034442
7,8,-0.00022304151967804744
7,9,1.1975683377986631e-05
8,-10,-0.00021992717662339603
8,-9,5.7923666919311566e-05
8,-8,-0.00015765910332139613
8,-7,0.0006162769345107596
8,-6,0.0003938927253266394
8,-5,-5.9931496384380485e-05
8,-4,-0.000117438815482038
8,-3,-0.0006144926577079293
8,-2,-0.000754788563603687
8,-1,-0.0007038291061729279
8,0,-0.0002730013731240219
8,1,0.0006978652794862138
8,2,0.0008341220951918589
8,3,-0.0005768707931819964
8,4,0.00015154944959189373
8,5,0.0003871182061021338
8,6,0.0003725631393436094
8,7,0.0008918233938352678
8,8,-0.0012351550024031737
8,9,-0.00027250290751282415
9,-10,-0.00033556699159589
9,-9,0.00014322059974653163
9,-8,-0.0006623379093100434
9,-7,-0.0005866070423034921
9,-6,-3.118339147866108e-05
9,-5,0.0005124246107490481
9,-4,-0.0007865203633794669
9,-3,0.0005140261713132574
9,-2,0.0009041032240237891
9,-1,0.00010851015317859011
9,0,-4.736570832830695e-05
9,1,0.0002775017062741124
9,2,-0.0012837537156502195
9,3,-0.0015890457900757289
9,4,-0.0004797140071250279
9,5,5.160136010749276e-06
9,6,-0.0005080935476163185
9,7,0.00014421668700700244
9,8,0.0003342357465345521
9,9,-0.0006295718320271894
