n1,n2,coeff
-10,-10,-0.0016744914597014086
-10,-9,0.004801559100763625
-10,-8,0.007015007133001407
-10,-7,0.005833079227513116
-10,-6,0.0018889208696548747
-10,-5,0.0006495334505523249
-10,-4,0.0017186405363836938
-10,-3,-0.0034121373708587872
-10,-2,0.0037300758776215312
-10,-1,0.0027996662943461656
-10,0,-0.006063392802066608
-10,1,-0.0011388466688787343
-10,2,0.0011408003886620205
-10,3,0.006200486517239262
-10,4,0.008450621222744805
-10,5,-0.0006018966943352327
-10,6,-0.007776759769430813
-10,7,-0.00337212331048434
-10,8,0.0006568331972845269
-10,9,0.0017479814979900364
-9,-10,-0.0013614407483237524
-9,-9,-0.0050741845786386915
-9,-8,-0.0034778756386977844
-9,-7,-0.007349057716130415
-9,-6,-0.009308536439798157
-9,-5,-0.005104599897286392
-9,-4,-0.0013974630949815149
-9,-3,-0.003481888416330583
-9,-2,0.0021040631025188205
-9,-1,-0.0036869982708102474
-9,0,-0.000975121562588657
-9,1,-0.010463998082880909
-9,2,-0.001018842662469727
-9,3,0.001280242212197623
-9,4,-0.004654802309937444
-9,5,0.0041401990008542765
-9,6,-0.002291059019187928
-9,7,-0.007247850783334253
-9,8,0.0024745426898364455
-9,9,0.0006073873292948751
-8,-10,0.002972565679771995
-8,-9,0.008008336537314448
-8,-8,0.009774211424196317
-8,-7,0.0024779277752758457
-8,-6,-0.0009764644068125172
-8,-5,-0.0024838551979261213
-8,-4,0.006044732288102032
-8,-3,0.0087187576580885
-8,-2,0.005696085354035654
-8,-1,0.004701859193583456
-8,0,0.0024120252291207323
-8,1,-0.0037086337761424648
-8,2,-0.006624452044216855
-8,3,0.0026041001317721967
-8,4,0.010205857108377544
-8,5,0.0011548733444309448
-8,6,-0.00046031271344873574
-8,7,0.004124270479006266
-8,8,-0.0006485143870701841
-8,9,-0.0003478957278974598
-7,-10,-0.003927004337683993
-7,-9,-0.0024523162952724705
-7,-8,0.0026395210094832056
-7,-7,0.003398827597965162
-7,-6,0.0017410824622235467
-7,-5,-0.0003172619775146879
-7,-4,0.00012693738604562462
-7,-3,0.007479116676794618
-7,-2,-0.00014973100839922634
-7,-1,-0.004339572531441179
-7,0,0.002357441415285684
-7,1,-0.0031717506811764656
-7,2,-0.005998395627796712
-7,3,0.005026579814244845
-7,4,0.00729237743874793
-7,5,0.003583569252022153
-7,6,-0.008285370384954287
-7,7,-0.0011270366397565389
-7,8,0.008584792319477397
-7,9,-0.002475844337225752
-6,-10,-0.0005911484982585296
-6,-9,-0.001525269330252294
-6,-8,0.004443841451711253
-6,-7,0.00014337257459176274
-6,-6,0.0040922940877439525
-6,-5,0.005460635709304408
-6,-4,-0.007794675786283406
-6,-3,0.0005732023928948558
-6,-2,0.004980482313036246
-6,-1,0.001944004843715645
-6,0,-0.004671245563359975
-6,1,-0.002722093691553382
-6,2,-0.0013206458097892093
-6,3,0.006586574899317181
-6,4,-0.0004467358723694636
-6,5,-0.0065629534993854625
-6,6,0.003822539091604906
-6,7,-3.264739608518015e-05
-6,8,0.010883077356360215
-6,9,0.001797420254400995
-5,-10,-0.0013456779424325588
-5,-9,-0.0038176246165639027
-5,-8,-0.0033995989407770945
-5,-7,-0.007054676118650956
-5,-6,-0.007993880084172185
-5,-5,-0.005321064189060631
-5,-4,-0.0030829902068156196
-5,-3,-0.0022240022925252103
-5,-2,-0.0076419971506931925
-5,-1,-0.000673562962383024
-5,0,0.001215932674968941
-5,1,0.007778762681043119
-5,2,-0.005942023534283909
-5,3,-0.01583804969112633
-5,4,0.002535112605102649
-5,5,0.004690816531986441
-5,6,-0.011953021949079125
-5,7,0.0019259399294153515
-5,8,0.010021323970352368
-5,9,-0.008826000154617394
-4,-10,0.004706559729856837
-4,-9,0.0008976504545856845
-4,-8,-0.008993403281166577
-4,-7,0.010662494371858088
-4,-6,0.0015774553033049228
-4,-5,-0.010282270352621203
-4,-4,0.0030461388208445263
-4,-3,0.0031554862086304565
-4,-2,-0.0014380547854875734
-4,-1,0.001749706884274073
-4,0,0.003984483807303531
-4,1,0.012811254550131889
-4,2,-0.01147765699395005
-4,3,0.002336257166336374
-4,4,0.0035149549801673416
-4,5,-0.004475250435515433
-4,6,0.006757620606106293
-4,7,0.0036700621400540434
-4,8,-0.007583071537687103
-4,9,0.002127887302185433
-3,-10,-0.003299308053036134
-3,-9,0.005169356857708384
-3,-8,0.002843248028764686
-3,-7,-0.007392472339712678
-3,-6,0.0067790574437605455
-3,-5,0.012917520864058188
-3,-4,0.0056634214422125375
-3,-3,0.0022128511748262265
-3,-2,0.005759740481789038
-3,-1,0.007496163611680997
-3,0,-0.0032870087717839
-3,1,0.0069984501596300555
-3,2,0.006797133025768554
-3,3,0.002794220415866819
-3,4,0.0013932351850171787
-3,5,0.004063689475248248
-3,6,0.0042098615676677545
-3,7,-0.005432436874435695
-3,8,-0.01674945810408151
-3,9,-0.001972211483224114
-2,-10,0.0014413122672643113
-2,-9,-0.0018054803729675225
-2,-8,-0.008747778229344333
-2,-7,-0.0011994119444700907
-2,-6,0.0023126271148048608
-2,-5,0.002492132349975828
-2,-4,0.0015754601553871538
-2,-3,-0.0027428647375435894
-2,-2,0.0048848956474959685
-2,-1,0.0008555337908883485
-2,0,-0.004076854187555651
-2,1,0.015814401176264176
-2,2,7.278623982661613e-06
-2,3,-0.007937239241892349
-2,4,0.0014649951444483374
-2,5,0.003230947682206057
-2,6,-0.003969831091243315
-2,7,0.001813375083785633
-2,8,0.009559688666816068
-2,9,0.0013188760512471834
-1,-10,-0.009516505087756266
-1,-9,0.0024572742420933403
-1,-8,-0.001532762337413398
-1,-7,-0.007937655199382885
-1,-6,-0.004061802145750651
-1,-5,0.017498870947986106
-1,-4,0.016247669979281624
-1,-3,0.009874134650722202
-1,-2,0.007616554175447108
-1,-1,0.0050536513353336854
-1,0,0.00027086331301378426
-1,1,-0.00955103385125994
-1,2,-0.0011685413580897963
-1,3,-0.005415957635650822
-1,4,-0.008465226295043133
-1,5,-0.005132398711801434
-1,6,-0.01553706960842276
-1,7,-0.015174148923453598
-1,8,-0.009788037127166466
-1,9,0.002861361448255654
0,-10,0.2975805754805319
0,-9,-1.6990358291981158
0,-8,-4.608418220101457
0,-7,-0.023461732234157574
0,-6,-14.811022923838387
0,-5,-21.648871459038478
0,-4,-9.17752317204651
0,-3,-12.14694291964033
0,-2,-195.4971139256451
0,-1,43.05423611632076
0,0,494.090789175318
0,1,-186.06636870547706
0,2,-74.08122712826052
0,3,51.72510336292048
0,4,-35.81891650349176
0,5,6.859577981639324
0,6,-4.1240193460943475
0,7,-3.1515355043405786
0,8,2.7959327180518083
0,9,-0.4181359900895162
1,-10,-0.006494672226030045
1,-9,0.008260688626308865
1,-8,-0.0088318438743319
1,-7,-0.0010899978532626247
1,-6,-0.0003603001758404271
1,-5,0.002815684413869326
1,-4,0.005673806885502809
1,-3,-0.0002500937951921072
1,-2,0.01052171121782013
1,-1,-0.004084558891452522
1,0,-0.011717771368239347
1,1,0.017021860346238142
1,2,0.002612388079684454
1,3,-0.010153161985153479
1,4,0.00284790872237821
1,5,0.007319708660698193
1,6,-0.007958238839555423
1,7,-0.015420918277204439
1,8,-0.017721738799768533
1,9,0.0006046910091272739
2,-10,0.0007998004461169749
2,-9,-0.005823142843844466
2,-8,-0.005230808013663998
2,-7,0.003508779498276484
2,-6,0.0037959725117302215
2,-5,-0.0017762651209523475
2,-4,-0.005042826001786831
2,-3,-0.001220078620636443
2,-2,0.0005066124097148453
2,-1,0.01042536525905673
2,0,-0.0005624656535889676
2,1,0.007354468894296373
2,2,-0.010719245597410262
2,3,-0.007421779179339338
2,4,0.009738862304031433
2,5,-0.008700218875832673
2,6,-0.012750583436918076
2,7,-0.005051774906932287
2,8,-0.00033625710868976413
2,9,0.001831544981961519
3,-10,-0.003779492854555323
3,-9,0.0002463805539584978
3,-8,0.006423232510162453
3,-7,-0.0005413675746238786
3,-6,-0.0042184830375846544
3,-5,-0.007261044987193324
3,-4,-0.002225364250438188
3,-3,0.002301949566839362
3,-2,0.005992377508678008
3,-1,0.0027772253498900253
3,0,-0.0008347335172330117
3,1,0.008056519960087207
3,2,-0.007726065554500934
3,3,0.0025846284934736797
3,4,0.006919035664497342
3,5,0.0028794931079657573
3,6,0.005649866085820933
3,7,0.000878018367221198
3,8,-0.008760009961026853
3,9,-0.00010494844928117921
4,-10,0.0025545424272731087
4,-9,0.007250319608965654
4,-8,0.003039068397477775
4,-7,0.005746911490498339
4,-6,0.004234888254413998
4,-5,-0.003718676427185344
4,-4,0.006387275937973502
4,-3,0.018548572055507327
4,-2,-0.004401116029224274
4,-1,-0.0029331278054196878
4,0,0.0035716646421197133
4,1,-0.010220108137478718
4,2,0.0027695920290963746
4,3,-0.004134182889489101
4,4,-0.003720233521003228
4,5,0.0090483383331523
4,6,0.00413563340490882
4,7,0.005784827531355269
4,8,0.01326298210775543
4,9,-0.0038142883376430406
5,-10,-0.0037242300242362656
5,-9,-0.007236035216839157
5,-8,0.001962137375504947
5,-7,-0.013353431614086935
5,-6,-0.005963733594308902
5,-5,0.0027616545191692706
5,-4,-0.012027467524842189
5,-3,-0.01043356608616099
5,-2,0.005668502560533041
5,-1,0.0088039859457269
5,0,0.0017678719793969332
5,1,-0.006123534105080571
5,2,0.0022562792053939917
5,3,-0.001375165376579267
5,4,0.0007202654591369808
5,5,-0.001053674255341244
5,6,-0.00736659648793577
5,7,-0.0051093741373531894
5,8,0.009697935795823441
5,9,-0.005403223904152547
6,-10,0.004603420238726065
6,-9,-0.0028583535249567327
6,-8,-0.0007760870140261684
6,-7,0.017018208860898318
6,-6,0.006804371529217157
6,-5,-0.005108221726526516
6,-4,0.004448461002041877
6,-3,0.008636135080380835
6,-2,-0.0035640278695560266
6,-1,-0.013826324670867642
6,0,-0.003797069557182181
6,1,0.0070179849176612115
6,2,-0.007799250695911664
6,3,-0.0016168777962185445
6,4,0.018964132898059514
6,5,0.0032627439415402106
6,6,-0.009407002667767015
6,7,0.001979274824561532
6,8,-0.001741989353747063
6,9,0.005849138862671082
7,-10,-0.002136898911006804
7,-9,0.003948433440423188
7,-8,0.004886455594079552
7,-7,-0.0029665179549055107
7,-6,-0.01252035066121959
7,-5,0.0033724863954739757
7,-4,-0.003346659983691133
7,-3,-0.011073908696927743
7,-2,0.016774369861519308
7,-1,0.009885050992479275
7,0,-0.004518139981518437
7,1,-0.0041093615075424045
7,2,0.0026802069819503705
7,3,0.0005889940385199954
7,4,-0.0010655583486189146
7,5,-0.006953055184619387
7,6,-0.0037008245542321334
7,7,-0.0007437390510737355
7,8,-0.007820468346922899
7,9,0.005949021879270971
8,-10,0.005065954677264595
8,-9,0.005578564350075228
8,-8,0.002234826173253915
8,-7,0.004864106481813671
8,-6,0.0020947882085596654
8,-5,-0.0009032505354927792
8,-4,0.009679728247476982
8,-3,0.008679862438517823
8,-2,0.0064178427869117875
8,-1,0.00347610825138644
8,0,0.0022227870489080442
8,1,-0.002971393704248273
8,2,0.00017253469346048967
8,3,-0.0020377689343743116
8,4,0.0008516889638109561
8,5,0.0015778341980152836
8,6,0.0015387282108529255
8,7,0.00021470938333645356
8,8,-0.002790800178625582
8,9,-0.0015101213863123123
9,-10,-0.0057362068637235265
9,-9,0.006459134335501493
9,-8,0.0075747734043773805
9,-7,0.0020029704646549796
9,-6,-0.00034673212389751924
9,-5,0.0056977920893429655
9,-4,0.002625700092023004
9,-3,0.0027777283000045296
9,-2,0.0065227556398698
9,-1,0.0026079081936382087
9,0,-0.005044496780879166
9,1,-0.0055867045006327476
9,2,0.011529390169557148
9,3,0.002596589735855066
9,4,-0.0012899027981798723
9,5,0.012305922778912879
9,6,0.004924029366862792
9,7,-0.004278813544528202
9,8,-0.0049619755694225295
9,9,-0.007515563870403362
